[[519 -533 -708 -294 -119 -107 67 582 601 -11 -4 318 -143 -375 547 369 69 -171 336 142 -146 127 -323 -262 -206 72 208 -17 44 1097 111 501 158 577 157 -501 189 -457 -192 455 -80 380 23 189 585 126 387 -180 -217 44 -340 619 -587 -134 92 -219 493 -42 475 280 259 -624 246 76 439 -429 -25 254 -50 344 -1026 -735 78 298 -199 -73 269 417 -52 152 -282 491 534 440 -166 -849 837 14 -56 -461 -502 -350 -83 -299 -450 -951 -559 -215 275 137 -412 -57 37 488 -369 39 -162 -62 -522 -2 ]
[-269 -178 422 658 -293 739 -5 -121 -389 615 369 -609 505 121 -717 -403 -79 594 206 -7 -10 378 -279 -231 -78 611 56 -380 -277 -445 11 -126 -651 253 -146 -171 28 84 288 -827 49 -147 275 -588 -390 -21 -406 748 103 599 162 -7 347 162 -12 1255 -206 501 576 -454 -189 214 -207 -179 -659 488 62 -98 -178 -29 614 413 -428 -11 135 56 -282 -554 449 9 285 -230 -1021 39 -411 -381 -606 -645 564 43 -91 229 -155 -345 -143 388 50 -351 -152 -313 442 155 -276 98 600 299 -365 15 1016 -110 ]
[-238 860 473 77 642 -865 68 -558 196 177 -90 61 -213 457 107 167 -642 -265 -306 352 260 -4 442 327 193 -305 -737 -8 216 -174 357 347 450 -112 -229 518 -45 -154 -287 71 -69 48 -187 -44 160 14 226 -436 435 -279 161 -37 143 -766 662 -49 -757 -279 130 -373 -803 -577 -223 542 -200 636 -493 -239 267 -316 111 -127 -463 -732 323 -18 496 383 313 -357 327 -309 -264 -99 803 919 -528 -571 -618 301 335 -83 12 55 502 346 111 527 -196 320 -25 -56 444 -303 -540 -337 67 -545 -25 44 ]
[203 -728 -744 162 -83 571 245 846 12 -145 555 252 598 609 -147 -64 -316 45 207 -159 -139 9 -361 -383 -1170 651 239 -126 -12 399 18 -17 -249 -116 170 4 -287 -251 -291 -65 264 185 477 369 355 104 -517 -154 -814 144 388 478 -211 -130 -417 229 493 716 798 770 281 22 765 -429 254 -270 -226 -349 -251 438 -839 478 45 -185 -422 -83 96 -281 -563 95 -319 -517 42 241 -318 -803 715 187 141 -471 -463 -667 201 -432 -372 -964 -41 -347 -128 273 194 -188 285 349 229 -659 -294 -183 -191 -242 ]
[107 -521 -549 -45 -933 112 897 359 139 183 87 43 358 -121 -271 368 31 329 -218 -50 255 39 239 -42 356 379 -496 -29 -259 215 4 180 298 228 -115 -245 691 -40 -188 287 -91 -257 612 259 -71 -462 -110 849 99 150 -731 -510 -59 330 -324 830 280 -171 584 -187 -217 -585 174 11 -258 -691 195 -386 240 90 -380 -411 -87 -258 504 622 -579 -809 -313 224 -514 -10 -65 669 -760 -293 62 -465 577 -575 289 9 -264 -388 -5 730 -337 -1023 -133 302 532 211 -662 279 597 172 -599 -369 592 -299 ]
[-133 -57 115 150 360 -10 -585 -472 302 158 24 -87 -8 -588 -188 256 -488 -81 103 970 -642 214 -354 -797 583 143 118 415 824 -404 196 55 -523 639 -82 208 -280 33 -109 337 -129 70 -504 -140 -90 -436 739 -572 110 -234 136 483 -48 90 875 -28 -939 -58 -651 -21 0 -187 91 482 11 874 -521 233 229 403 177 286 -257 -233 -179 -167 634 1060 370 260 -5 -14 -251 206 -227 -64 -46 165 -505 422 -70 -718 -154 383 -512 -621 -273 624 140 -494 107 305 482 -89 -203 -128 -154 252 345 -95 ]
[-827 478 560 656 -86 -619 651 180 151 -41 -595 214 -92 664 142 358 -350 943 -424 175 294 -136 364 688 86 -401 -324 -876 -293 -182 189 345 397 114 -179 131 -186 116 -244 74 348 -226 -250 255 116 74 -44 765 107 -213 -467 -583 56 271 287 917 703 -127 673 -272 -501 -581 128 782 -917 -444 -669 210 314 -267 238 -528 -460 -490 584 -235 -448 -266 275 -310 2 283 -402 168 -386 741 -71 -891 19 126 -243 182 -239 -489 525 764 -659 -3 -647 -177 128 112 292 347 269 -93 550 -605 327 -127 ]
[175 -279 -293 -10 -77 64 -763 130 -223 -94 -310 305 70 20 340 102 -107 -161 -446 311 -768 -95 417 -176 104 562 -107 154 354 15 -69 -323 346 -554 -247 291 -422 293 0 -544 131 -152 -369 64 -511 -567 -429 -570 59 -230 596 -342 854 -398 -130 -195 -330 464 -580 244 -122 523 610 -942 226 12 66 -573 -18 -480 283 -177 784 -477 -29 66 233 152 -661 -182 -245 -192 -164 -247 -322 -348 532 473 -585 362 641 -761 799 -306 -953 -561 1135 355 239 -259 686 407 230 -304 615 -479 -231 -621 530 -72 ]
[5 -232 399 -349 575 -734 -77 149 -271 -89 537 -244 363 167 50 -120 -496 -46 -33 -31 136 -668 168 -74 -351 -523 604 105 -357 95 -345 178 -183 -92 -268 -355 248 236 260 -193 423 -368 504 346 823 184 -503 -523 -266 558 -135 -57 -82 -56 -260 -509 911 -137 640 145 -11 101 -298 303 592 202 512 -209 175 4 -574 70 -921 281 -546 62 -295 120 -24 532 373 83 365 -87 1137 395 -130 56 1061 -130 309 -15 -191 156 727 313 161 -691 -193 271 -152 516 -205 204 -682 -127 291 99 -540 825 ]
[105 -126 -330 -16 94 662 162 195 -596 -767 -75 -404 574 -502 -23 -57 425 503 -90 142 -872 -166 135 -619 -234 39 1535 683 16 -205 339 -172 -642 68 534 -144 -873 -127 89 448 606 54 -31 261 414 36 723 131 -332 337 -142 -194 -71 316 349 142 608 510 45 605 208 466 414 327 515 -303 -320 2 -79 540 -834 307 -50 94 -298 -634 92 -27 58 202 -243 -390 521 -166 -272 -264 692 157 689 128 -828 -1032 -228 284 223 -977 138 254 347 -607 241 217 439 1208 -108 -752 536 -288 72 834 ]
[-266 -427 793 128 165 -90 -671 83 -766 -429 -632 154 306 -40 168 416 595 341 242 14 -799 41 -138 -177 -236 -180 1107 611 -637 287 -293 74 -200 -178 -182 231 -475 -26 765 -189 555 302 17 -371 -183 13 203 167 -297 485 -381 207 -202 924 -59 -187 91 134 370 336 957 779 -144 13 -444 326 588 -7 -167 229 241 195 275 390 415 -213 110 -194 688 -175 835 6 -988 -884 71 -457 96 -6 449 84 -515 -46 -50 324 235 -621 514 -259 256 -1375 -70 262 97 932 39 29 836 500 -22 686 ]
[-231 -157 -675 393 -415 558 -639 374 386 -621 87 -262 -156 100 -76 -120 194 -573 29 -268 -397 324 -103 -393 -321 684 785 -445 52 168 -38 -784 -1008 -263 67 -544 -520 315 9 -348 -112 -610 -1116 -196 -347 737 150 67 -55 -102 1091 337 486 -137 110 97 -96 925 -838 5 285 359 217 -260 204 -180 366 -172 33 136 303 592 422 458 -854 409 349 2 -452 527 -209 162 449 -107 -316 -43 206 538 -582 848 10 -609 1036 -236 -791 -107 467 -15 62 322 -116 540 -217 -36 289 -166 -424 -267 715 -238 ]
[-526 -946 -704 373 -491 304 309 1029 27 -610 -819 381 -485 502 -366 244 -2 -506 -381 36 510 -107 -92 -72 -1084 82 205 133 107 372 130 -706 66 -392 272 273 -91 130 -565 719 -370 -149 -216 255 116 -385 225 -22 -971 -83 -331 705 -354 746 209 -1 123 275 -336 584 1050 200 210 155 -330 -244 56 385 82 228 -308 808 693 -42 24 94 485 -67 -753 63 -390 403 -51 -301 -162 -521 513 574 -1197 374 -876 -538 628 -40 -406 -311 78 -376 70 170 -467 -288 -121 -1 -386 -611 -297 238 -552 -822 ]
[-138 609 684 627 -38 677 -352 397 -734 593 310 19 -414 449 -509 -654 -286 612 19 -418 278 -233 -439 25 114 48 -248 -926 -218 -470 124 647 -1109 -126 50 89 -307 -657 -219 -768 233 548 335 -290 -130 544 -794 -303 222 217 685 495 572 -644 -249 249 -230 114 481 -570 -451 339 168 -556 -294 6 -503 654 -601 -494 720 -121 -143 -159 -387 -1124 126 -585 802 -351 552 -24 -169 -20 -170 -92 -352 -288 284 283 -152 381 -332 -339 -246 -625 53 1247 403 475 267 -103 148 -482 944 177 335 156 -31 -44 ]
[299 19 -426 288 -345 284 -156 607 -89 -746 826 -63 793 189 -703 29 -452 -603 -293 -245 -240 282 55 -903 224 720 273 624 -681 239 4 513 -641 258 -848 375 338 -285 81 277 297 -258 177 -370 276 -10 -137 -95 249 168 605 -688 370 -33 -641 361 -136 252 270 49 132 -247 57 -39 188 -78 730 -671 189 790 -457 186 -737 -587 -864 494 342 -759 88 649 52 -425 342 560 274 386 40 236 724 -90 948 -236 -188 -406 -95 -714 -552 -1205 137 1286 829 585 -482 476 592 -54 -654 -192 1024 -430 ]
[419 283 703 -3 324 -105 -337 -297 -645 6 39 -301 -142 -199 -158 419 -119 -1075 53 200 -208 -372 -63 334 889 21 467 944 -427 560 -298 811 -215 584 -253 166 585 -637 483 587 109 -52 212 -717 376 -138 188 -1 801 704 -190 -367 187 891 179 -158 -913 -186 114 -200 -113 -30 -716 292 262 354 397 92 -103 -90 71 -9 -688 -214 -519 -340 559 568 1029 -18 502 228 -205 -423 1323 588 -594 115 96 -693 467 28 -897 425 201 -473 623 -484 669 51 -86 352 -152 108 -104 347 217 321 -420 884 ]
[460 350 -524 396 -48 466 244 84 -335 273 696 -820 544 94 -530 15 -712 -7 -514 -228 166 560 347 -683 -717 991 -77 918 397 118 640 -712 -422 816 -676 61 -398 91 -267 88 10 -714 -251 -473 -129 -251 555 -137 -5 326 1028 133 656 -539 30 282 -122 756 -382 164 142 -151 -597 -243 14 780 199 -402 155 87 58 71 -781 -782 -408 130 876 376 -664 -100 -298 -472 -76 -438 458 79 -196 -314 -354 815 260 -634 415 -167 -160 -209 34 319 485 516 375 325 -244 344 -296 -473 -1238 -506 1295 -223 ]
[-1115 -121 808 1044 313 -729 -735 234 -306 -557 -46 247 -248 1289 -842 83 -1229 86 -402 562 62 55 -518 -216 -209 -279 -45 -651 -109 -548 157 501 -134 -479 -427 1031 -211 -634 119 -146 789 3 -530 -153 941 115 -375 -464 -208 -542 142 0 -149 -188 408 284 -408 93 362 -68 104 771 272 10 -1064 687 572 307 -309 344 -40 201 -193 -254 -201 0 94 -144 744 411 505 163 -1035 -406 542 688 -134 341 -230 484 476 -327 151 -41 -59 -226 212 -411 -714 368 169 865 886 -451 693 -271 249 281 -404 -756 ]
[248 273 634 193 435 -765 49 504 -567 -547 -370 791 846 -168 53 579 -111 810 -663 473 -61 -199 642 -146 -4 -344 102 574 42 285 440 1086 745 156 -762 406 -302 -326 -99 567 939 302 -246 149 424 169 471 5 -61 -633 -671 -583 -129 -165 -244 -991 -5 -529 -37 63 138 386 -369 -230 -14 -27 425 91 302 200 -166 -1010 -454 -746 318 -68 144 410 241 268 -374 245 -90 -501 325 34 -67 589 -149 35 4 343 -205 276 665 27 -123 364 330 -82 654 385 530 174 -347 -115 -14 -15 28 198 ]
[246 -1538 -433 427 -531 -41 220 486 218 567 194 519 241 275 44 74 -480 534 10 124 366 566 162 -164 -765 475 -191 -269 -235 629 386 120 661 -16 -120 210 974 -100 141 -471 181 654 356 286 326 -502 -391 401 -373 28 -733 244 -1087 -519 144 220 -299 312 965 -242 31 -301 -252 -1467 -328 5 569 21 -423 678 -303 -526 70 -503 629 787 -148 -226 -649 461 -171 -216 -917 636 334 -1415 88 523 -338 -956 277 173 -226 -669 -489 277 -195 -721 -15 527 474 -48 33 24 -311 332 -704 -524 -105 -740 ]
[-450 612 396 5 117 147 528 -423 41 -79 208 -300 790 463 -701 -332 -108 449 -241 377 -506 410 206 -157 -346 32 -37 -639 403 -792 292 89 211 -542 17 -428 -851 -779 -179 -400 314 -626 237 341 146 739 -612 -135 108 -203 662 -302 726 -1208 333 1015 208 773 131 -27 -989 582 137 -484 73 451 -167 -428 -178 -69 -323 -239 -200 -249 532 44 -411 -431 313 -27 -252 -132 -532 -61 -658 692 -21 -1247 67 523 -203 -192 647 -196 384 703 793 770 -203 -298 315 624 182 73 827 -395 -584 -1072 404 332 ]
[118 -642 -652 212 -249 830 -51 599 -704 274 441 416 -397 268 3 93 -146 336 122 -414 431 -166 -782 91 -499 147 -739 -139 -8 561 73 31 -663 426 701 574 188 -157 320 19 243 890 598 548 -81 -403 -182 -98 -1053 -235 103 1139 -634 879 -632 -833 526 73 499 309 1132 -256 107 -534 -508 -264 -195 81 -671 750 217 1036 601 -474 -730 -421 324 -413 -391 -29 494 37 48 246 -254 -516 92 882 317 -694 -382 -51 -1111 113 -51 -1020 -489 449 246 224 -189 -1193 -347 -37 271 -272 660 726 -819 -512 ]
[330 -480 -39 -147 151 -9 143 749 -501 -228 -300 413 418 -480 -265 -350 267 536 -515 725 -75 -443 343 -56 613 -207 444 -570 444 -263 327 411 102 -734 814 -534 98 -870 43 235 624 88 796 1175 790 142 -494 220 -4 -53 -697 -480 442 -315 -50 -111 627 493 256 5 -301 51 817 -553 1026 -824 128 126 -671 397 -1052 -141 352 -54 576 -84 -785 -349 111 371 -314 643 588 246 -307 -413 352 -13 725 -219 -423 47 -679 -249 30 747 1060 168 516 659 408 32 85 448 390 -331 25 -490 -1095 592 ]
[-175 -191 -27 477 106 -307 149 507 496 -1024 -151 208 311 376 -309 -327 -214 -155 -76 674 -430 -191 -116 -236 -37 403 1023 667 104 -92 -132 326 -207 -241 -263 197 109 -358 -118 1590 267 -689 -86 212 856 -543 352 -121 111 145 -277 -852 -91 795 6 320 265 -194 -69 998 -48 -601 732 1216 414 -488 568 110 353 381 -661 124 -437 172 97 -477 -258 -169 133 352 -335 411 438 252 -70 515 144 -220 58 276 239 -815 -223 343 172 94 -665 -1318 -834 552 56 243 628 775 175 -667 120 59 -752 279 ]
[150 -566 -873 -535 -527 -181 126 -396 680 262 462 274 -142 143 935 -24 -181 247 252 175 -356 -73 -504 47 -625 102 -840 -374 774 716 -80 -459 724 836 155 -32 -142 -749 223 62 -19 -663 -153 457 -479 -1186 125 -624 -45 -475 522 478 -325 122 -387 -889 772 14 -154 792 542 -262 172 -910 -19 -250 -197 3 -841 -351 -20 -417 532 43 224 280 -34 471 -868 -126 -614 768 -301 544 -1060 -528 1102 67 -491 -515 683 -288 404 206 -752 -612 -302 1076 -164 -258 -395 -529 102 -400 638 -237 -40 -289 -588 279 ]
[209 -733 -226 -3 -529 168 69 177 497 -17 -338 724 213 738 213 161 -516 -283 706 -361 222 343 -649 -552 -165 218 -785 -234 -507 5 -423 -88 347 -388 -168 -52 259 -794 182 116 -522 -431 541 96 -554 -221 -369 337 64 2 -251 380 -128 361 -496 1309 -727 497 372 454 906 -170 841 -338 -277 -634 -604 -3 -483 193 -563 172 -75 164 954 652 3 -498 -465 -151 80 -517 -617 760 -750 -819 785 -417 -16 -750 283 372 312 -923 -707 -326 -684 -402 -306 432 -187 -575 -447 389 277 256 -501 0 -83 -882 ]
[-344 -110 100 593 105 27 469 785 552 -289 -194 314 -332 54 -600 -976 195 -247 -7 -388 182 289 -290 352 -684 -267 1041 -320 -238 -76 -49 -88 -556 -709 254 -222 71 387 -66 245 -570 601 2 -328 389 483 -690 -314 -630 -149 318 -27 -180 -385 307 155 279 -401 -830 94 -611 329 -157 524 392 -542 193 521 84 -197 433 419 -101 310 -491 -576 -79 -753 419 369 81 677 478 525 717 482 -346 207 -496 476 -123 665 275 37 400 -373 -759 181 -544 776 -175 26 -97 -83 -272 254 606 56 -625 -600 ]
[-198 -503 -377 -236 -477 -960 -313 235 -128 -257 -105 684 -507 497 1289 1172 53 418 -183 -47 -46 -414 498 -750 -436 -378 -646 248 -349 106 63 632 -329 -251 -180 445 -223 -68 -519 78 664 -749 -441 677 102 -131 483 -693 -277 -131 -605 787 -599 -460 -191 -803 -239 -306 272 233 154 349 816 -245 116 -418 253 -132 224 -136 -667 -770 454 222 95 454 353 255 -573 461 276 -576 68 91 -156 -619 813 555 -124 244 723 -1139 524 323 -400 -371 755 -28 -149 131 525 943 388 -354 -138 -623 114 -227 -456 212 ]
[1261 -485 -568 -984 202 -865 -220 -764 84 207 -513 -248 -427 -920 486 192 52 -262 -333 -92 -179 1216 -178 -371 1369 45 -1142 708 951 291 525 -568 1600 249 262 -185 -2 -262 645 6 -398 1024 -99 154 32 -1037 502 -369 148 -758 -303 -342 -177 -244 -60 -457 -209 -698 -990 132 479 -322 76 -256 397 -301 -49 -344 6 304 -278 -1080 1011 91 1307 39 376 213 -769 -228 -470 71 286 404 -279 -724 468 165 134 -204 926 189 249 118 -268 -869 183 547 475 -565 -347 -440 -229 447 2 102 -337 -215 226 -858 ]
[-87 351 -724 -434 -540 732 -221 23 523 -254 70 188 64 -582 1000 56 662 -610 252 -305 -575 -375 425 496 -831 -124 1042 -486 -817 916 69 213 -251 578 161 -622 41 -156 -35 83 -455 -555 -344 -178 -276 248 191 -505 324 759 1054 665 476 -660 26 -1038 526 546 1 -573 -370 -309 -531 -631 963 -587 174 173 -353 -235 333 -603 227 535 -1021 133 422 -2 -247 20 93 974 471 320 89 159 267 -388 77 -259 134 -511 -155 -288 -502 -938 518 699 840 300 -360 -179 -528 35 28 74 72 -1072 -405 1364 ]
[599 155 191 -88 -113 -111 -316 -600 -313 764 -20 -305 197 -68 29 642 784 238 419 -788 -275 1206 -333 475 902 671 97 140 193 461 -255 -435 243 -133 193 53 -411 -73 593 -419 -306 406 87 -601 -395 449 75 423 -5 -118 41 262 104 738 -29 587 -154 59 155 -353 -12 -130 319 973 -187 -206 -635 -465 -125 -80 553 127 795 329 1149 -117 -263 71 818 -977 -19 -911 -670 -645 -585 -782 -600 -1022 428 22 -559 701 212 -265 231 -61 239 186 224 -1293 -236 -629 -90 1011 542 183 270 194 655 -207 ]
[239 -817 329 208 -173 -19 -703 348 47 1200 657 142 -157 -774 38 -596 84 436 501 883 166 -436 -395 43 5 71 -156 -406 322 681 -26 108 -26 493 290 -419 448 152 341 -869 -5 775 160 -275 -495 -11 -390 493 242 486 -429 515 230 -529 144 -267 -294 -161 -175 -307 -65 494 -421 -825 -302 1059 341 586 -497 -572 746 223 -74 485 293 510 187 375 597 -396 203 863 -1021 -238 -97 -926 -440 240 -43 -173 -551 382 -470 0 -811 448 97 601 349 -319 -110 164 208 6 152 843 420 894 -24 310 ]
[-521 319 -80 215 -84 405 419 -339 809 -429 237 -260 119 364 787 35 317 -62 375 -704 367 501 489 74 -320 -445 -391 -779 -100 -236 682 -102 -356 -325 1043 -829 -440 831 -88 -422 151 304 -538 315 -277 1655 -447 1464 -155 -210 -31 -411 -335 -549 65 544 -500 468 -206 77 -734 -60 454 -139 -25 -330 -926 -136 625 45 575 345 248 385 10 844 102 -273 -877 130 -195 -1260 739 540 -96 332 -929 327 89 -588 -46 393 79 48 392 888 173 -88 -525 77 -81 -42 419 -46 -163 -38 250 -352 771 -154 ]
[-342 344 269 595 -362 -406 -4 98 429 -589 -438 465 -125 -322 96 -359 -606 -52 -475 304 -989 -913 636 577 272 -115 1397 -172 -569 -213 -147 39 -577 60 -167 279 -200 -27 -13 106 506 387 -651 84 -413 35 476 -43 726 -400 851 -1297 476 -135 576 -615 -39 100 -146 -552 -688 -349 17 -117 9 -528 201 -412 330 -178 349 -559 -314 -217 -781 -307 -593 -595 310 -55 -226 456 107 246 429 1059 314 584 278 -16 678 -704 -82 96 351 -168 -69 437 -401 419 869 1099 575 -346 405 -6 999 -1085 263 483 ]
[-393 -297 -27 -85 -390 24 -848 -224 560 591 194 571 851 42 79 -514 -244 47 466 411 -8 -545 178 -532 -283 -371 -223 69 -518 -445 -443 50 -747 -265 105 715 541 707 -640 -397 -142 -70 969 -85 -754 -576 -783 -288 -83 555 376 -43 271 -380 -295 -430 -575 -195 -206 -163 -437 186 943 -147 364 386 -40 -190 358 -612 532 630 109 602 144 1233 -411 -487 -181 -80 396 -711 -779 1048 -358 -560 -308 145 1018 -8 515 268 258 64 -528 -61 -254 -495 -452 188 1050 381 179 -334 382 77 455 469 650 -215 ]
[567 -612 -751 -277 -414 -292 -742 660 -375 -315 -35 791 529 -102 540 453 -398 104 124 -909 -572 -473 321 -17 -16 180 260 815 -211 1039 -320 -440 218 -296 -474 276 -141 25 -39 -199 538 199 -315 7 -651 -114 230 -154 -211 -410 -109 123 203 332 -528 -818 13 317 -400 538 563 800 207 -313 103 -736 -419 -308 -166 -106 -46 318 376 -471 87 400 248 -119 -604 211 -680 -713 51 -635 -210 -356 256 1182 79 -312 -126 -47 187 -361 217 -651 662 644 602 -363 168 -442 260 1075 63 -425 573 -182 614 -311 ]
[-928 -416 60 -825 -685 -500 -153 -661 451 -704 -663 1057 -353 -167 625 219 93 -584 113 -566 246 -294 70 70 791 -1019 -963 21 -522 -58 -360 -241 635 -227 -156 374 419 -4 -581 104 -613 205 -28 190 -1201 -836 77 -732 270 -761 -1009 -433 -298 500 -613 -532 -276 -1143 -142 244 526 -307 144 635 -528 -4 -745 451 434 -231 294 -416 935 243 691 227 42 -494 -200 -368 -73 102 168 263 -782 -206 -598 499 150 -791 358 631 -171 -28 -40 -32 -704 -133 18 114 -750 -735 3 -91 347 274 611 628 145 -464 ]
[619 -544 -84 208 440 437 -469 372 -606 44 -545 -350 -676 223 159 369 402 -671 178 96 -344 497 -904 -352 -406 1409 322 80 -57 210 -277 -239 -149 -238 475 176 -388 -582 264 73 190 367 448 -148 495 110 309 -312 -667 320 618 848 308 -304 -381 -41 36 503 28 298 465 118 693 -357 244 185 1221 -656 -496 56 -889 -31 668 1003 37 -869 235 -24 179 -253 4 427 -27 -874 -37 -1137 558 155 -238 102 -138 -1107 569 128 -658 -1289 1198 -848 0 76 30 567 -247 386 129 -517 -207 341 -482 -101 ]
[94 257 182 977 -188 468 -211 242 -84 613 524 10 75 1027 -555 -836 -388 266 -71 -692 0 949 -518 135 -223 919 67 -528 1 76 609 -70 -1512 -127 -83 247 155 -67 151 -1074 99 241 -95 -783 -42 231 -445 -3 -75 -460 836 295 -253 453 261 236 -789 258 128 -185 -337 244 332 222 -436 64 157 243 40 -113 1012 448 300 -889 -493 -739 61 -507 182 186 479 -750 -794 251 71 -747 -889 152 -246 607 679 374 367 -174 110 -163 -240 179 21 237 577 -438 517 -680 389 24 210 -69 325 -765 ]
[-93 -127 573 78 215 179 -433 -302 -917 -418 125 -633 401 438 -505 -681 438 -477 133 -648 372 276 70 -39 -188 -321 1349 402 -1041 -400 -53 284 -494 -546 -181 -387 91 -225 783 -483 -583 -423 -67 -644 211 696 9 343 84 1620 47 764 44 293 77 552 -848 525 205 -680 212 624 -811 -38 93 295 60 370 -234 203 231 1244 -232 547 66 70 582 -826 481 353 1411 -370 -1235 -373 1023 -351 -942 -536 553 261 -214 240 -417 -96 805 173 402 -136 516 -198 -147 -557 -323 632 -510 94 -313 -450 -623 869 ]
[-268 186 158 -57 163 -1208 -8 -298 992 -280 -767 44 -111 -18 483 510 -100 107 317 298 -945 -72 -157 -209 493 383 149 469 342 57 -202 -326 365 103 -104 -6 -254 922 -670 403 161 534 -821 -45 -429 -155 1083 276 45 -36 -10 -197 -792 -63 362 -263 -169 -638 -495 190 -249 -627 -293 793 266 154 -165 -457 568 404 296 -255 -254 575 971 96 690 252 45 463 -242 24 -111 461 -35 965 -126 -72 -428 457 -106 -808 382 360 153 214 -98 -131 -1028 -956 -869 650 328 1667 -407 -342 1001 -65 1151 -128 ]
[-156 789 165 209 -205 1277 376 -402 -10 -96 458 -472 637 67 -870 121 -387 -680 189 -90 -168 412 -178 -218 194 48 241 388 -136 -435 232 -260 -37 769 -146 758 532 -613 -579 769 7 177 590 -510 -223 -45 217 -86 160 86 613 -413 -239 681 17 247 -1160 89 -274 -274 -382 -390 1 -206 -392 212 -344 100 43 276 33 133 -494 -487 114 467 -323 -46 262 -173 -635 -522 -253 78 -474 149 -281 467 -81 -983 171 651 -630 286 671 -811 -456 -81 585 95 768 -57 443 -730 773 62 -1093 174 616 -371 ]
[-4 453 275 -467 232 901 46 -295 -115 -901 -812 -638 29 98 7 -704 -232 93 790 153 -486 -421 -776 -735 58 -244 85 259 215 275 154 67 -7 710 -127 -418 221 -983 349 560 497 -242 120 -419 411 -555 649 -173 771 -59 -291 -207 -437 919 168 533 665 -40 422 906 600 -206 -232 454 -508 303 82 275 -475 140 -948 -447 -868 493 -502 -404 44 182 395 847 -479 483 932 -70 -357 239 711 -297 -72 -225 -217 246 29 474 332 -930 -479 -615 47 -105 -1240 -180 -212 514 91 -3 70 399 -18 -51 ]
[105 -581 289 317 -437 285 192 487 13 107 -543 -18 305 791 545 126 -126 812 398 -291 -53 534 -62 -450 -1075 252 -68 -53 76 792 441 607 820 57 -132 -33 -154 -260 319 396 -272 524 447 748 416 -132 -308 -354 -867 397 -375 1167 -356 -202 10 -41 701 722 516 200 323 -110 -627 -636 32 365 -517 -156 -257 501 158 -576 50 -120 943 -241 737 178 -602 237 -418 -258 -282 146 12 -983 -256 -481 -559 114 -574 -145 497 -403 425 -574 -620 266 257 -458 -672 -497 -228 860 -440 -598 -163 -794 -560 -238 ]
[1002 536 -155 -316 467 122 9 645 -316 -1012 297 -87 425 1002 302 362 16 -734 511 -617 -643 -339 -311 -555 -437 140 1064 562 -60 1052 -86 122 588 -630 59 -480 -597 -544 443 -167 406 788 115 188 372 1283 363 259 267 161 613 326 -251 -383 -240 -1020 -417 232 -148 976 78 990 195 -326 333 -305 581 -858 -18 -473 -1097 -61 -92 329 -305 449 970 -23 -13 720 -30 -278 584 -822 650 202 1055 461 -399 187 298 -412 1206 368 286 -955 0 165 444 15 -86 866 167 497 -240 -175 462 -268 -267 813 ]
[204 915 -720 -228 305 321 -682 -248 -268 -19 697 37 677 392 308 58 -581 -101 -67 -229 391 -208 523 -65 186 -646 -792 -395 -50 -963 111 -91 475 -161 -311 241 -640 460 157 -391 253 -1041 266 336 -442 -398 -989 -189 118 -403 558 -929 1374 152 -1303 -530 767 239 -364 615 550 715 711 296 195 -439 -597 -70 -70 -425 198 414 285 -146 -496 132 -569 110 -1130 -484 -318 -535 693 -3 -1033 694 506 55 877 -195 1242 475 -274 -663 -445 -263 -96 305 -84 432 540 -1081 -324 -941 667 -279 -175 278 223 -113 ]
[-357 541 -762 -418 258 -98 -408 -273 1099 -557 514 -278 144 -300 -124 -961 88 140 123 34 -652 57 897 56 -911 187 429 241 371 347 406 -261 -557 185 307 -93 -308 -56 -378 -198 235 -139 -1004 -564 -80 242 658 271 343 255 894 -283 -254 -1355 952 -219 -48 406 283 157 -702 -532 -231 -441 472 190 -315 -103 -186 -153 274 -12 -520 -82 -62 623 149 -44 -69 18 29 -661 23 240 234 1068 209 -321 -446 308 -659 -97 532 400 -244 844 -192 696 -184 364 67 -479 686 584 -625 -408 5 -947 806 503 ]
[-132 176 106 174 290 33 -225 -156 410 -274 -192 812 395 -917 513 -379 -702 854 -552 469 -75 -133 942 2 -710 -328 -58 -505 317 -283 361 539 564 -465 -305 231 -427 842 722 -230 388 258 56 165 654 -391 -538 -148 143 -724 -17 -603 157 -891 646 -654 279 -280 179 -352 -923 -432 389 -310 -103 -602 -70 -347 145 187 730 -772 -376 -623 -531 357 -363 -38 -449 525 -349 -341 789 553 567 295 -133 -175 404 204 299 7 -318 120 260 10 27 244 -266 155 1018 -281 507 -260 -168 -54 463 -795 289 58 ]
[-398 1244 360 -98 291 629 -337 -73 242 -905 270 -387 494 -84 -211 -162 45 -736 -554 -477 -456 -39 799 -940 -135 266 333 201 202 68 757 182 -654 503 -184 574 -843 -592 -507 -251 595 685 -438 -515 -724 799 529 -342 322 49 1645 462 696 -1059 -89 -876 -773 181 617 -311 552 -590 -409 -456 265 800 -385 -445 499 34 604 49 -320 -428 -29 -261 1214 -635 219 -610 111 -789 597 -374 364 868 -383 -61 -144 138 -196 200 345 494 49 -592 71 1299 624 894 139 -485 27 -179 -529 -473 -256 -682 1419 362 ]
[602 -284 219 131 -121 -603 356 -528 441 1338 133 -421 162 -540 218 -277 -957 451 328 -283 -457 450 -559 -408 438 818 262 -37 161 -431 162 -878 -1474 448 -297 -1014 -134 -759 532 -586 -112 151 -231 -56 -145 -671 596 -112 1150 499 786 352 423 -499 936 -13 -523 779 -215 -161 -485 -507 37 -6 576 -97 101 -20 -277 21 229 -795 -595 -72 -119 -618 332 406 67 546 179 -85 -347 297 186 -807 -117 -978 850 633 485 -803 532 -205 -453 -147 501 824 434 -267 -173 350 373 431 144 434 -245 -792 460 314 ]
[391 943 98 -542 703 365 889 -120 -479 169 -187 -252 174 542 -643 -274 346 -745 208 92 451 -386 172 831 -175 347 -549 215 409 190 166 1015 1053 -449 579 569 306 -512 -102 -2 0 541 1005 -314 442 460 -165 994 -176 204 -627 60 -272 -295 -122 335 -498 96 165 451 -269 559 -49 -569 -87 514 -123 -243 -530 71 -888 919 -66 -524 255 190 507 -430 113 -73 -21 -858 -649 -232 251 28 -5 253 -847 -841 -586 411 -754 408 930 108 849 -136 335 -14 161 -541 220 200 343 -393 112 -68 -431 -321 ]
[-62 -631 -544 43 492 12 -193 -29 -343 524 670 69 -41 -929 -125 -973 744 443 159 -234 -247 -119 -254 194 191 -151 57 -435 83 -177 -662 -137 -1175 -129 856 -509 -616 -293 165 -598 -224 -80 355 26 -272 -65 -205 -410 -155 -227 3 95 -74 -20 -261 -4 484 -107 545 -23 -189 -152 592 389 358 -990 -525 53 -858 -54 -148 687 219 68 -460 -269 -585 -643 1062 -144 599 447 192 703 -405 -772 -121 217 907 -110 97 142 -685 -248 -311 -551 467 833 84 557 647 -721 184 -619 542 48 359 261 -846 715 ]
[254 1126 -25 660 165 1314 14 -388 -710 147 128 215 592 97 285 29 972 856 347 -31 -49 -2 235 424 -509 562 1003 -1085 -201 -774 444 -38 -269 -701 687 422 -666 869 -204 -924 534 242 308 62 44 845 -225 664 -186 -72 -144 -75 -111 -265 -199 -59 -138 313 -102 -253 -1028 953 707 -332 239 -574 -281 -34 -641 -38 238 731 514 612 500 -185 -604 -31 -318 -400 -254 -843 348 -286 -711 -344 133 301 -15 -432 -802 1 -3 246 -179 5 591 322 -161 -419 408 229 1165 19 517 -206 868 600 177 656 ]
[-257 -144 21 280 -149 88 27 212 -93 -306 -131 198 8 -222 -2 928 623 -354 -230 -471 -733 -70 476 600 286 334 169 -23 -532 821 -221 846 246 -3 -154 -54 -273 -295 303 -342 661 367 -116 -861 -197 811 103 843 80 -744 -99 -1218 249 -228 -30 625 61 23 924 93 -639 461 354 471 -602 -225 353 -756 122 -553 -540 -821 237 -494 -430 212 -351 -504 866 126 -272 -19 113 -747 -394 342 12 186 -215 -470 359 187 -98 -198 411 -499 1446 -917 238 -109 1295 784 -756 68 918 118 631 -438 1068 -177 ]
[-295 68 -465 -577 -90 711 1049 -71 -491 -222 -598 1113 56 -177 368 528 499 954 -88 -218 -572 308 113 -321 -186 156 -303 189 533 -969 425 -362 -457 -807 255 427 -587 -143 -118 200 200 167 534 637 -1089 -794 -106 -1073 -124 -1037 -547 245 184 -810 91 -616 -200 -466 -828 396 -152 346 419 -50 -168 -370 -516 -241 -105 -32 500 801 637 -809 165 -952 -107 -661 -636 298 -313 -657 497 275 -1226 -237 150 -174 -609 -264 336 -611 108 835 207 -540 170 1477 422 -332 387 -430 -362 233 574 -553 677 -518 168 44 ]
[-639 -1267 148 896 -436 -177 -429 449 582 -203 32 193 62 -418 -385 -269 -879 20 422 637 -279 412 -342 -937 22 -379 620 -593 47 297 458 195 -30 288 -714 -762 300 -30 83 -272 -158 758 -429 -202 -396 -699 -348 -144 -80 93 -1181 -41 -644 595 364 270 -557 -289 623 314 719 336 -468 706 -761 180 -8 1148 365 88 182 -589 -302 61 472 -58 226 6 -201 593 -61 1218 -674 1189 -581 -1242 97 642 -4 -286 300 -161 -162 -214 -353 -855 -1385 -241 48 -825 263 477 366 -160 282 18 257 -367 504 -415 ]
[-476 -480 -103 30 483 43 -669 307 -85 -61 885 -533 -11 666 -48 -217 -453 -776 -418 -205 63 -344 -400 -379 -9 -10 -678 -679 575 -161 330 -882 -118 496 542 258 480 -260 -105 -704 757 40 7 -95 876 148 -748 -209 -511 313 888 13 -321 328 -273 -933 -458 248 -176 1 -519 734 193 -970 556 366 54 497 -854 105 20 1390 4 -146 -354 579 233 684 -205 615 -2 318 -451 83 330 5 -355 1445 4 -1074 384 376 -180 119 -446 100 1158 -418 596 361 451 -480 697 -811 112 -155 -103 287 -434 -117 ]
[586 339 474 -420 146 -135 -136 -1440 -138 167 -713 329 778 -517 167 -275 323 -81 36 442 823 -107 513 238 -50 -289 -454 558 131 553 21 -706 1351 -568 -477 693 502 -136 332 830 -580 -391 357 -110 -61 -705 253 -1225 181 -655 -589 27 716 -565 -290 68 -560 -803 -816 90 332 338 -473 184 391 430 765 -137 -115 -425 123 -63 58 177 1275 213 -223 241 -486 -1202 -141 569 -76 -274 435 -121 -741 -12 -174 338 449 901 447 216 -10 382 1 302 262 178 -306 -193 -369 15 -561 -40 -212 464 -455 -86 ]
[-411 76 -153 136 -387 388 409 -561 -243 -15 140 -538 473 -123 -588 577 -508 -205 -231 61 -278 -308 241 -286 248 -32 199 -467 289 -759 766 159 -133 -531 338 -292 69 42 63 350 -617 -352 -44 87 218 -219 -92 -88 14 -190 -712 103 -34 -160 1046 615 -1220 189 134 -658 -381 241 137 470 310 -300 -798 -570 -38 -849 -322 261 -609 -123 316 1108 -200 -14 -393 515 -771 -957 616 105 43 188 -21 -92 21 -763 171 -430 583 521 348 87 642 44 38 13 -119 717 -499 -466 187 -552 -561 -533 461 451 ]
[10 -54 -5 -156 145 254 882 173 13 721 -640 753 688 482 785 542 -308 -122 31 159 2 -628 125 -181 -724 -205 149 1124 -414 217 -9 -524 687 277 39 434 47 576 -533 -48 -41 217 634 -199 -497 -717 105 171 -54 769 -629 741 -197 -246 110 193 46 -168 -142 538 -41 549 -503 -223 -5 215 -586 203 -136 14 55 620 -465 -286 720 -143 936 288 19 -195 2 -441 -882 -411 476 -8 -157 -227 -544 -978 -226 80 -705 -470 -581 -139 239 461 183 -86 -184 -620 -19 1039 -1051 606 332 -11 16 169 ]
[-281 -495 -483 318 -1074 806 -54 -89 -476 66 -2 94 -428 170 -1098 50 -193 -51 -91 -227 -103 -502 -206 -90 -298 201 417 305 -81 -253 178 -1137 -880 -469 -422 977 180 261 -202 -421 39 -230 -597 -185 -208 -318 73 -98 -138 -192 348 336 -42 -220 586 681 308 1051 -427 -186 625 1045 -231 -719 -589 440 254 59 -619 568 423 1011 89 -500 -738 127 175 -172 -561 337 -387 -461 -415 -498 -132 415 377 941 -608 856 -401 -746 464 103 -485 -195 779 446 318 -518 -22 1105 -272 774 911 -251 493 -18 968 -964 ]
[-4 126 -298 -360 -586 -566 -19 280 -417 -127 -171 660 -716 -208 -163 -11 47 402 -523 260 -704 -135 648 243 1080 -19 257 608 64 -654 -139 763 214 -347 368 1821 372 865 -93 188 477 977 1044 275 -102 -141 72 2 -90 -966 -295 -933 -401 352 365 -362 -239 -647 -762 -304 -412 340 337 -295 -586 127 -463 -125 -89 455 -147 305 484 -577 163 196 -612 -927 942 -155 -840 -1484 -539 308 -479 238 400 656 -118 -22 327 -334 -356 171 976 -549 -431 477 -200 -100 1138 38 224 584 468 111 1392 -67 437 -1062 ]
[-204 -373 129 148 657 -967 -1106 -246 -97 -78 760 167 -367 726 222 257 -900 -417 -13 890 -156 -69 -720 -485 557 35 -747 -315 449 -583 -254 833 -462 -235 -441 233 -105 121 -33 -791 489 158 -244 73 -10 -69 -719 -883 -12 -604 373 390 685 -516 -325 565 -314 -334 152 302 67 677 600 440 -410 525 -98 -456 463 -89 -138 475 275 -211 -437 -925 24 76 278 117 384 142 -296 59 -271 505 140 -26 315 445 916 -948 -82 -152 -568 -837 535 341 -942 -331 316 146 -64 -13 530 -101 391 253 49 -578 ]
[-427 342 87 -357 -394 630 802 -478 59 234 746 -36 665 202 -754 -589 -169 228 345 -401 -556 -739 -276 -84 182 88 -3 101 -71 -668 157 -525 -1162 -30 115 678 28 -587 -19 -117 -274 1052 931 225 -926 -334 161 -741 222 -426 784 633 176 -357 414 -11 -538 -70 198 -272 -1416 106 -259 430 140 496 -1345 -715 -702 278 347 1451 -29 -749 -159 -645 -11 -1043 784 -382 -261 -1283 -506 489 -641 512 -769 -632 -8 -485 -248 -166 -321 281 449 -394 -145 1378 352 614 -69 -939 365 73 512 -222 843 -148 7 -96 ]
[-822 164 1046 913 -52 -233 -956 -850 429 646 -296 -375 -407 -135 357 -361 -420 62 128 415 -23 94 -253 439 134 588 -471 -1256 -316 171 -89 -691 -875 55 -210 -221 -98 596 783 -679 -809 -691 -288 -438 -781 -499 407 -205 -95 -177 753 428 964 361 834 349 -397 464 -335 -643 -94 -685 104 778 -457 841 -12 149 -115 -635 730 205 -360 -253 -35 -203 321 502 443 -529 1103 908 -976 462 61 -539 -234 -716 -160 1341 116 -267 502 -418 -151 65 -232 243 -294 -488 -146 367 -39 -202 -402 -178 693 -141 919 84 ]
[164 99 -92 -1028 128 192 297 116 -700 -453 44 7 418 -339 -341 -72 666 -615 382 -608 161 53 6 -60 -901 -416 -369 608 -1145 113 451 -267 777 -772 348 48 -104 -930 30 35 -135 11 218 -341 -482 721 310 -116 -32 63 -216 567 -103 -813 -321 -93 -346 150 560 -108 1177 1189 -329 -328 -58 326 483 -127 234 216 -192 -145 -124 177 773 431 375 -844 -214 -922 -490 -1000 -229 -873 -235 -181 -215 341 662 -464 -258 464 56 118 1109 75 678 558 580 -201 -354 -678 -388 -62 -369 -658 -529 69 178 242 ]
[-32 361 -459 324 -194 808 -489 -496 -347 -209 320 -1125 290 492 528 -11 345 462 60 -522 -510 651 -698 -234 538 75 305 -268 -273 -79 270 -676 -46 551 322 126 -213 -356 547 -250 1024 -571 -833 -794 630 66 228 134 371 103 867 -236 409 261 139 564 615 434 -665 -45 -33 294 471 -352 -459 0 -145 598 -679 186 200 325 319 94 -383 -522 -347 56 330 114 -171 -271 -95 -432 -1071 -163 374 289 627 296 562 223 -178 -707 183 -984 133 252 527 -833 230 -112 290 478 1216 -106 -265 -161 934 163 ]
[-239 1215 442 751 -339 95 -205 383 -112 -406 -278 -814 -520 163 329 -58 173 -175 -802 -288 261 217 609 137 403 -94 276 -744 395 -74 274 130 124 94 399 207 -1360 -623 -24 -31 139 -1014 -1262 -619 336 468 321 920 -82 -398 -46 -569 688 383 -406 614 456 686 -577 71 414 663 328 -21 156 -1058 -1136 940 -584 -352 24 -522 592 162 31 -397 244 670 155 -570 -664 -222 372 -483 92 -181 244 468 -1028 346 -181 431 131 -686 -619 -235 492 651 129 607 62 -628 570 -542 204 -510 -282 157 -149 -233 ]
[313 544 -484 -325 -84 -383 -108 -152 504 670 155 -569 430 273 521 63 716 256 319 -320 346 842 45 113 36 167 140 -1111 -627 109 8 -125 -280 372 7 -42 262 481 -477 -883 -313 -55 63 -544 265 80 -147 -399 592 456 469 603 101 -581 201 372 123 535 776 -857 -64 -808 452 743 845 -614 -716 129 88 20 -556 -402 -125 771 731 30 -511 -235 68 -809 637 -458 -373 897 -27 -1186 1031 -1209 117 363 162 70 653 -599 -317 -1092 106 46 313 96 -224 -286 -33 133 -465 -171 -262 -854 149 45 ]
[-499 -455 70 879 -6 346 -115 110 -268 -511 234 -871 368 31 -592 -517 1154 850 -641 62 207 1365 -129 -123 -354 1218 481 -513 73 -165 848 -326 4 -54 453 1254 -41 819 644 100 539 -327 110 255 326 -264 58 1310 -589 -168 -349 -390 -521 684 277 561 416 268 -559 -112 394 686 96 -18 -470 -313 1071 112 -66 1273 755 1268 453 -334 949 712 -173 -816 38 317 -502 -498 -1067 939 -408 -215 -401 167 -137 852 -33 127 237 368 109 727 -564 -830 -261 150 915 -211 740 958 438 -138 492 136 657 -788 ]
[662 -122 22 -368 645 -879 -260 222 -163 -217 35 562 272 -932 143 370 1263 -392 407 -259 415 65 43 98 152 -577 -356 206 -309 601 147 708 115 299 807 -266 58 -145 -29 -471 67 2038 606 276 205 859 432 -248 -174 156 -86 352 -243 -452 104 -1457 -65 -159 83 -400 -107 -78 -240 900 932 233 -333 -135 250 682 -442 487 31 511 474 33 611 -3 750 -311 728 687 273 99 699 273 157 -143 416 216 -829 409 -207 539 867 -904 -173 732 843 -178 -331 -193 -89 362 -1193 23 1004 213 -746 283 ]
[-747 -869 236 -213 610 -165 -1199 -183 -33 223 -610 61 -463 -644 642 -578 213 3 -436 98 -951 -759 94 271 98 140 -335 54 -222 -961 -666 -768 284 -392 489 439 -609 1430 389 -712 -730 -364 -1203 13 -97 -806 -57 -1432 -1063 -556 118 -252 1047 55 -198 -609 1238 -387 -1036 -182 192 1019 212 836 579 574 -520 -233 916 8 672 713 186 257 -410 -915 -199 481 -198 -301 -540 406 286 -323 -682 250 -295 1215 794 271 116 -762 365 -114 -467 -388 377 203 -698 -764 -154 25 393 -408 -271 -324 1027 265 133 -540 ]
[-26 461 444 -287 9 -138 -69 -481 -321 313 1039 -332 379 79 144 616 86 28 292 94 -299 -398 -694 519 24 -454 -200 208 22 -235 -880 -914 -12 389 45 -65 -237 575 342 -723 -237 40 -373 -354 -1066 46 -24 -177 -128 -35 181 591 803 541 -269 -24 309 -677 -750 -143 364 939 -180 657 -30 -117 286 -188 693 -830 1033 312 -204 608 -947 30 -572 431 361 -388 872 555 -229 -1067 257 673 -322 18 1306 -209 -127 243 -376 520 -148 229 -704 257 -251 -1245 -127 289 -227 -396 377 744 360 806 291 736 ]
[329 615 -58 -784 162 -211 201 536 -230 313 -109 296 586 -486 643 795 -467 378 -31 222 -25 -176 -52 -579 -139 -592 -981 572 -765 -3 1055 750 -417 683 -369 150 1020 -990 -310 477 702 -366 1494 -143 51 -839 234 101 -34 784 -327 448 -193 75 -556 -362 893 -14 1417 128 595 -883 110 122 97 113 936 -15 -75 -132 -1087 -1348 -682 -291 213 309 -275 -161 177 -159 477 -335 -253 69 172 -202 612 -1271 1547 -480 260 215 -1094 73 321 -402 -227 -832 586 -17 179 -133 -249 605 -168 -136 -264 118 -217 437 ]
[-1044 -6 490 -371 830 -363 -277 -767 784 -577 219 -434 531 40 -670 -75 142 -804 411 -92 -489 -186 -202 45 -105 -396 636 198 -301 -537 -458 -676 -605 -769 -339 224 -10 251 665 672 106 192 -286 -20 -199 -112 -781 -755 -27 213 1383 313 -275 -114 125 -543 -373 -243 -312 377 345 179 -193 -287 761 169 836 -178 -44 593 1123 646 -297 37 -522 352 -24 81 -362 744 699 -321 551 745 1319 959 -749 743 -226 41 1371 612 474 762 2 -124 178 -600 -343 424 -336 689 -20 -821 106 307 64 636 -208 539 ]
[594 315 -488 666 450 660 -308 -223 -119 656 756 -231 1192 -123 -234 -724 -297 -407 730 905 -320 140 -37 161 -229 767 -1099 304 160 709 -138 907 173 24 462 311 169 -458 417 -371 58 28 460 -792 235 -874 -302 48 346 465 2 -220 957 -187 272 655 -571 -215 61 253 -1532 -256 -258 397 316 -215 -805 -805 -214 -674 217 826 -779 -892 50 452 169 -51 470 557 -486 -296 133 746 -463 233 -691 -116 -174 -1172 69 518 -264 -357 103 -599 -129 138 -438 490 637 -1038 64 -215 -89 -544 -504 -321 1105 312 ]
[8 60 -531 -540 -183 -542 -1143 -380 -143 395 1 -276 -153 -1020 593 682 137 176 -47 136 -700 188 191 -997 974 -411 239 821 -63 267 256 -110 -638 950 44 351 72 779 1060 -403 269 834 302 -334 -440 -500 218 -126 284 522 175 472 -438 -14 146 -684 -146 89 -744 186 114 358 247 -587 -414 681 406 -82 -624 -340 -24 -464 312 588 -74 1200 553 -74 527 -112 652 -317 -767 373 82 -626 538 283 467 -115 944 266 -9 249 -407 -963 -682 408 527 188 401 707 -16 559 92 669 399 35 836 129 ]
[-205 -72 733 55 -172 -1148 190 -170 -221 -335 -872 244 -298 462 42 286 399 217 -150 -755 191 269 657 371 -226 454 -695 332 -788 -42 -580 -140 -408 -544 -633 -815 -523 -740 -343 373 109 -1059 -306 797 -814 -15 402 -32 364 320 -639 -412 532 395 -21 685 73 -152 298 -30 46 -829 -519 1081 -486 -331 -184 -480 951 -281 166 -549 -166 -125 1690 -503 -133 -594 286 -431 745 -208 -151 -348 -345 607 -476 -1558 178 635 -1318 -15 646 -383 1262 2008 36 -211 94 -583 -359 -368 -220 971 -535 -161 -450 -646 504 574 ]
[-290 102 -330 425 -478 365 343 -483 -451 782 516 -357 -234 -63 -292 -87 -541 -64 -849 199 785 -81 307 201 889 -343 -1216 -495 152 5 164 98 -71 904 -140 -285 -395 611 -730 -449 -462 292 452 485 -791 -613 -1020 -235 639 186 411 -882 185 193 -271 1206 -327 -291 739 38 -662 -924 67 -421 -988 509 -1004 72 211 -926 300 -185 -179 -982 -180 174 668 -268 -141 -1107 276 51 -292 792 -1067 395 -169 -346 233 -309 419 -23 -493 -382 -538 -490 -597 777 270 244 444 730 -547 -891 1343 134 -628 -240 1558 -162 ]
[-190 829 -321 276 -427 -39 193 558 -932 204 187 -303 -584 358 -782 634 -1150 -643 -422 -624 -40 -965 405 478 -195 185 264 209 613 -292 -110 25 -130 -329 -339 155 -146 59 -513 -232 239 -696 126 -459 535 271 -312 512 300 871 592 -567 979 -166 124 49 -269 -6 185 -128 -438 631 171 -90 -336 -141 430 -28 297 -995 -147 -363 140 -291 -966 177 64 -254 -239 -55 -141 5 -323 -741 570 1388 422 -347 312 159 265 -885 419 -314 -24 792 786 -216 -261 53 441 1169 -47 60 952 -474 69 -524 886 -134 ]
[720 69 -587 -407 795 81 101 -618 332 -163 518 -950 -827 -907 213 -522 451 -1083 103 537 34 230 -168 43 47 -195 225 681 800 613 150 -832 211 442 569 438 -391 -39 227 845 -325 878 -119 -7 109 -570 592 -78 205 50 630 261 -159 12 820 -707 -80 -503 -480 494 -206 -359 -403 188 441 274 -611 -682 -93 223 -113 1054 -505 -655 -661 -91 855 897 21 -55 -456 -192 977 545 877 193 300 656 -140 -32 -646 -334 28 893 -398 -1230 -48 728 545 -437 210 -662 297 272 -654 -152 785 -59 159 556 ]
[-488 301 150 -74 -186 -478 606 357 -280 135 187 -115 -895 1391 -73 769 -1274 -322 -514 286 1105 -782 416 414 -293 -112 -218 -527 -259 366 97 -158 -659 -140 796 326 280 -700 37 351 979 -654 295 1148 407 589 269 -473 74 256 -393 564 222 -17 880 -282 29 75 304 -190 -222 -226 -75 426 -49 492 -34 -54 -51 441 -448 549 -857 9 -403 -87 -99 550 -150 2 21 -234 76 -157 881 1116 -88 81 -220 -493 -139 -546 -115 -48 851 1470 286 131 -99 1440 -689 903 -576 2 -327 -289 327 -120 -637 130 ]
[585 -678 -301 207 724 77 -312 -131 -127 415 944 -374 -730 -40 156 -98 -630 -570 589 -70 586 997 -1039 -380 -600 126 -441 -543 -306 647 96 -239 -73 294 309 -109 957 -461 255 -357 207 133 837 -205 1281 -401 -792 -402 -666 689 -25 779 -724 -409 130 645 79 -62 851 -167 -839 -809 580 152 221 -258 183 -4 -747 468 -631 -198 -564 215 -175 -493 -603 680 481 2 387 41 -189 347 1143 -616 259 105 608 -965 531 742 -936 -481 -384 -221 -161 -1020 -376 646 166 -309 344 159 -472 -125 -244 323 -830 -381 ]
[654 -4 253 183 -462 88 -151 -198 -149 450 478 -738 55 784 -431 -125 -146 105 227 -550 409 625 -204 25 289 580 583 -269 -561 876 -73 578 -1069 907 -291 -1278 -12 -983 1124 -3 -24 37 -303 -151 -305 811 42 370 1018 600 857 587 286 -164 777 -32 -177 355 316 -808 282 367 -838 188 -133 -196 -24 212 121 -278 674 -731 -671 521 -6 -273 798 -57 185 28 418 -32 -284 495 126 329 -406 -1026 499 243 302 37 329 239 257 14 -101 698 432 206 -671 284 -535 249 481 606 619 -1107 -100 325 ]
[520 -456 405 -458 816 485 311 -58 18 -536 45 516 969 -300 -235 -112 -119 -467 -483 452 -364 276 -275 -360 -696 482 452 776 -2 -692 -100 371 34 439 -27 -26 -696 113 492 716 520 -705 160 526 114 -364 270 -648 -826 -352 76 -1078 -201 609 -624 -350 618 -81 -908 1212 715 304 112 503 958 233 95 -803 755 1429 -478 784 -636 -87 -281 -707 -58 273 -1046 393 -419 -254 463 378 -493 875 78 775 261 -544 374 -246 -660 765 965 -299 122 -104 -117 264 326 -528 -309 425 -364 -672 281 -61 -215 -116 ]
[435 712 469 -370 915 -715 469 125 -72 505 620 297 288 -1268 563 202 120 421 257 607 -104 -425 -416 418 98 -274 535 -275 842 -1526 -813 -478 -419 97 -71 -368 -683 1030 93 -120 480 -611 -176 -270 -413 269 -224 139 -269 -92 166 -216 337 601 -626 -1245 611 -699 -698 332 449 712 102 97 912 -500 39 576 -198 -482 588 -133 -388 715 -377 -435 -1017 1049 323 -115 -553 247 391 -305 -9 92 575 26 563 10 -214 331 -6 1017 -169 558 639 531 -1095 -1153 -187 -263 704 -693 -281 221 530 994 -162 746 ]
[587 820 -896 -104 926 132 404 -346 -768 261 576 -682 721 558 -427 -871 -819 122 -142 237 130 -722 -168 -442 33 -330 -183 1063 473 -446 385 -274 98 40 323 93 -115 -48 -840 361 451 -210 288 289 873 -756 286 -379 89 168 -451 -12 -363 55 258 -6 114 -56 454 680 -157 559 -480 1081 349 286 -396 659 58 -515 -1323 207 -792 -329 -141 -906 222 307 -206 -240 -151 -388 625 215 784 469 54 30 159 221 34 -1374 -486 -56 219 181 -277 114 -343 46 -227 -145 488 -46 -1439 -872 26 -197 -440 1007 ]
[102 234 -78 378 -290 -132 -606 361 13 138 323 439 211 412 -373 204 -452 -761 -346 364 80 -373 -727 -29 285 612 -263 -14 -563 543 -288 1068 -517 98 -1015 368 159 -421 122 -68 -328 -390 -301 -728 40 30 -148 -388 577 270 868 118 347 465 -64 437 -441 -16 359 -852 -1286 -21 -251 756 88 148 185 -514 443 -225 414 78 -275 -912 -1263 -240 1149 277 464 361 178 180 -451 210 292 606 -272 -465 -116 523 274 -408 583 -770 -582 -214 -54 -715 -344 220 -115 365 -330 -413 398 -63 -377 -264 481 -10 ]
[-314 11 383 110 120 387 101 -806 170 -498 -247 325 705 145 -575 157 -132 -180 -162 270 -360 826 -367 -635 552 -743 228 -290 -683 -596 376 -71 109 -86 -841 199 392 -565 698 -61 -226 152 -76 -429 296 -75 501 -138 246 -113 110 453 -441 -771 950 493 -827 -531 4 -730 -376 249 -156 433 -836 645 680 28 -142 -15 -320 8 -683 36 149 545 352 -651 844 860 721 432 -969 535 -332 434 -298 -615 91 235 694 220 80 -54 309 -390 -305 -147 340 -28 565 585 -436 445 75 626 207 -250 621 -299 ]
[139 -796 389 -42 -21 1 773 -10 -888 133 -147 -244 50 -164 -905 -545 721 -189 72 -1088 22 -442 163 161 539 -665 1184 388 -310 -1452 -367 -91 -676 -140 335 -346 -7 -376 -162 -263 -581 133 894 -4 -132 -716 -658 637 43 768 -503 -902 115 962 -467 914 424 228 250 -54 114 985 -438 501 947 -419 -646 140 -238 -35 -86 447 -107 197 392 -776 -196 -625 288 -16 258 -292 -36 205 491 270 136 60 801 -561 46 543 -929 222 134 -268 716 -55 333 466 -349 549 -679 -140 -61 499 492 150 -973 454 ]
[-495 546 182 531 -21 -1044 149 257 -131 -249 469 143 -246 -530 836 1087 205 512 -473 -416 176 150 176 -353 474 -805 -421 -535 -596 -449 431 -700 -357 386 -815 469 -426 376 565 -303 873 -192 -655 74 -443 -389 320 209 681 26 198 42 -30 791 -212 -1129 -257 -358 209 -627 503 -257 -47 183 -788 -532 840 -197 93 261 962 495 -138 -230 226 495 -509 -641 16 51 1093 358 -473 -43 191 893 -105 -120 612 220 385 -54 -710 745 282 848 217 289 180 -338 731 439 134 -293 210 226 410 -44 720 662 ]
[-108 -589 -151 -17 -68 -838 -809 729 -934 -545 379 696 65 282 144 -288 -370 512 -343 -177 332 -880 -1 -249 277 -322 -313 177 187 -176 159 637 876 -581 -612 947 691 511 540 336 75 49 357 511 343 -810 -530 -553 -360 -151 103 -207 103 103 -556 -597 129 -669 327 -124 388 -262 277 122 -586 -136 196 -632 -610 -217 -82 420 -201 -447 -42 623 -134 -522 216 188 -43 156 242 319 528 365 321 160 86 262 1161 370 -645 -266 429 -169 -620 207 -766 1020 612 -755 -738 206 153 -320 502 32 -857 -523 ]
[923 67 -677 160 478 -105 -121 148 -73 1116 464 289 -412 -414 1081 188 631 507 454 -93 -189 594 687 634 -297 752 -920 317 -207 408 56 523 614 65 -97 287 408 410 92 -348 554 545 -3 -2 -451 -138 -527 48 123 593 219 -527 657 -1033 -349 -431 559 731 137 482 -364 -548 -30 -725 517 597 -87 -280 -73 -338 -160 -406 27 -788 33 -680 245 414 -392 -471 311 -134 93 61 -61 -275 678 -5 -722 -289 -50 277 -316 -482 96 87 251 120 -1 -55 179 -877 -19 802 -329 -156 460 -745 132 -111 ]
[-272 708 18 -16 541 -231 380 -8 -965 -830 30 -817 772 451 -767 -97 -236 -426 -127 -135 309 -391 17 61 -169 -89 876 -34 -968 -719 44 -239 -332 -545 -278 352 -275 -448 492 -385 1129 281 384 -421 328 794 146 -96 446 175 1233 -152 811 114 -345 113 -143 -450 639 -180 -440 98 -167 856 -216 -166 789 -1034 166 40 -122 414 -691 336 -325 211 107 -1361 758 258 432 -157 204 -51 442 877 -288 -356 1418 166 579 436 16 318 1045 -1171 991 -183 -258 591 277 476 -132 214 891 -379 298 -104 664 205 ]
[-603 -329 -138 152 -437 -45 -287 -389 422 -631 -907 -195 -389 -722 -194 326 1177 202 -553 454 -193 560 1541 -202 593 -54 660 412 -212 -1099 23 -354 480 -627 -405 1226 -542 626 -218 80 369 -288 -451 -155 -516 -373 644 903 388 -643 -1098 -1172 11 13 858 473 -671 173 -395 -561 181 206 -109 -292 -657 361 -62 -32 -138 741 -273 27 434 -410 1574 593 -834 -343 210 -363 27 -781 -797 -287 -352 -328 737 480 -1403 828 -333 -90 590 -197 451 784 355 -544 312 -717 1305 199 355 68 -90 149 -212 -35 946 -560 ]
[1100 -676 -438 -575 -167 958 -228 364 50 1191 125 138 569 -1032 36 -800 -466 -193 757 249 414 -1001 -43 586 -944 511 238 -117 768 1425 -44 -250 9 426 448 -1347 356 119 96 -488 -422 -333 800 101 -314 -505 -551 121 -459 1096 192 410 869 64 -517 -247 642 417 -36 254 159 -11 -145 -783 408 61 143 -147 -418 -1207 150 433 103 303 -584 621 -174 99 -904 -429 -645 1004 136 -110 -354 -718 328 -531 128 -197 -457 43 419 52 -764 -376 1083 488 385 -372 -289 -466 -594 -237 139 197 -376 -71 -254 82 ]
[254 -245 59 -318 -11 1124 -1134 -224 949 -113 -298 -405 -168 -417 -396 -657 144 -803 533 -205 222 229 -555 -977 595 -418 742 -37 199 -658 -431 -1083 8 -184 -557 -49 867 290 539 -23 -1227 -339 -621 -622 -427 -187 191 -155 413 78 237 836 -130 15 143 516 -586 86 -984 -21 983 544 -369 -483 266 451 163 960 -467 325 -200 715 133 932 -396 556 36 467 27 353 -90 100 429 31 -490 -196 498 419 -752 296 -563 1387 286 -131 -1021 189 -1058 -139 273 621 -797 -318 -573 -95 -302 921 -455 637 419 -965 ]
[-1009 -825 132 -117 237 -230 620 -578 -445 -150 464 371 -101 -29 -107 99 65 -178 8 10 394 23 160 956 -996 -424 222 505 -659 -804 -647 -325 613 62 264 1137 318 129 415 502 -336 -434 -266 -46 295 -926 -799 -208 -605 686 -152 -630 -374 410 -24 554 312 46 509 605 160 469 -141 -574 -448 442 -371 713 -110 234 243 -379 217 183 -118 -8 -214 269 -159 -407 223 -514 -1025 -265 282 -27 -200 606 281 -1079 -194 260 -820 -50 -37 277 -143 -626 -345 -148 499 -142 614 -443 176 481 -308 -99 -638 -93 ]
[197 66 -729 787 -847 -24 -423 -722 151 280 332 -537 -596 23 100 -531 362 232 -379 -261 -593 613 -87 -136 982 537 -492 122 342 -616 627 -303 -285 337 -564 360 -97 813 172 -197 354 -38 -658 342 -174 -629 132 -452 -72 -1087 754 -606 -21 97 251 137 696 311 -587 -109 -805 150 -29 28 -216 233 622 -324 -305 497 345 -137 1077 -429 -1104 -606 -348 -241 24 596 -623 -278 731 211 -324 -322 35 857 -471 266 838 -688 -464 -209 -313 -376 198 -453 -585 111 901 217 562 -837 620 -27 252 -807 2 -1181 ]
[161 496 193 255 -133 -290 179 -484 -302 159 -397 -266 -1049 290 -17 -997 429 -509 -573 -543 464 650 1261 415 293 696 -895 415 -498 234 -123 -384 -515 -889 -483 485 357 -669 -564 -154 -193 -368 -73 397 -514 -293 -671 -588 927 160 382 -475 849 -745 -140 896 295 344 360 -311 -596 -1203 -549 7 90 -513 232 -57 527 559 294 -523 310 -1111 202 -697 400 -530 -491 -898 560 -310 550 367 700 704 -448 -556 -590 614 276 -92 102 -863 -38 433 641 129 183 1374 56 -122 333 -224 415 -145 -662 -1060 167 -812 ]
[396 -608 249 -154 808 -946 395 256 534 225 219 232 -642 384 464 -69 -229 -638 194 155 565 -245 -440 -253 -266 515 -965 -305 -128 482 -162 153 -599 -312 491 -821 617 -805 223 4 -287 437 528 613 801 398 46 -33 -348 -431 36 694 -453 -902 141 292 -409 -224 257 53 -742 -1095 832 -19 -192 -298 571 -774 22 -97 -1077 161 -229 270 31 185 -333 -427 425 191 -166 7 9 54 448 -581 -98 -67 180 -512 300 -274 63 196 513 734 -97 -654 -755 766 326 161 -61 -673 -690 -373 -840 -351 -749 37 ]
[489 737 -283 -245 -835 225 204 -984 0 135 79 -473 -154 13 -262 838 768 -1176 -31 496 -713 337 439 154 353 388 140 960 -348 240 -93 -84 324 434 -41 462 276 -158 382 414 216 -97 151 249 51 -139 635 701 298 -135 173 -586 -691 1030 43 216 311 105 -586 -397 168 -624 -7 43 -232 211 847 -1029 439 1113 -568 513 172 -68 -273 756 8 104 -218 -94 -35 -625 -86 223 -529 457 1123 53 -444 -496 -361 -517 -409 505 281 -256 -13 -1247 211 -687 129 332 -509 688 837 256 -199 238 493 -303 ]
[-33 469 132 567 373 152 -338 -619 -1079 -1077 -184 15 -32 572 -841 -814 -974 97 -730 547 869 -893 465 -217 36 -158 219 -22 641 -455 816 -467 -1045 5 341 -624 -561 322 -376 -375 304 -98 -397 563 110 -106 121 -37 -563 -304 425 -467 74 477 39 -952 148 -497 -302 683 109 48 -355 -218 104 377 -657 12 -331 -210 187 533 -289 10 -560 -626 724 256 -1207 530 14 290 382 324 467 674 -483 882 -240 597 -21 -443 173 626 130 848 -249 580 -307 653 113 275 -142 -287 -313 -1133 348 221 -175 887 ]
[-627 886 278 -109 1216 61 39 -666 488 67 -7 -492 43 980 179 186 -804 -110 327 -327 473 406 -1402 750 -618 -139 -1325 -960 -203 -316 291 -199 1088 231 26 -129 -455 -164 244 -105 -102 615 -132 35 911 996 268 -387 -840 -532 549 319 -278 -534 117 420 629 302 94 273 342 -256 69 -208 -648 647 -308 360 -328 387 -347 -311 228 147 -621 -587 -60 318 -206 -299 236 340 -206 -634 -228 321 14 -426 -426 -166 -806 249 -77 -893 392 -848 -667 -332 -87 -419 -1072 -1099 368 -255 12 337 -533 406 -772 -498 ]
[796 542 -930 276 210 593 38 -253 -3 541 142 -379 138 289 -243 -107 -73 986 144 319 -475 1069 -628 583 163 574 203 154 510 -479 360 32 148 1158 325 548 405 72 -99 470 107 -728 -401 -389 350 -869 -105 212 -109 -70 169 -648 -268 640 161 880 548 221 -543 121 -253 22 594 27 355 -626 -570 339 -499 420 68 169 -137 -345 -170 -604 -936 339 -492 150 -431 -785 191 833 -442 637 436 -356 146 -360 435 -194 -691 -325 -927 -231 -416 -432 -392 -452 2 -238 521 106 755 103 -379 -188 -75 -502 ]
[280 67 -61 -39 1183 -6 162 197 -744 -35 -938 -223 195 718 -17 -525 85 30 495 -280 232 -360 -411 601 -162 16 -739 835 625 395 -108 -485 976 -521 193 663 -249 -574 373 222 9 580 289 374 -12 -672 96 55 77 -13 412 306 -292 147 158 150 491 475 -264 847 1228 -310 -283 -505 -102 -187 -384 162 -443 -53 -552 1082 -137 -633 31 -440 692 -191 -96 -611 749 -181 -299 -515 772 24 1056 -54 -1163 329 -448 293 -58 -140 197 -1161 177 489 43 -346 -1068 -1433 -75 651 -329 -717 239 -85 -833 -629 ]
[-863 648 595 585 386 13 -480 -536 347 -762 -311 -262 -501 429 346 485 -524 -578 -367 -426 -518 343 299 1011 -352 -831 406 -94 -368 -414 -287 -425 1375 -349 -5 1335 -854 -324 259 185 849 597 -274 437 34 303 -408 -250 568 -46 1049 -1396 469 -446 53 -107 126 616 595 57 -436 86 -40 -655 -453 -287 -415 -189 -65 366 525 -527 400 -578 -42 -397 -421 -366 -86 -1085 -71 -63 -116 -224 688 1681 356 -132 151 222 288 150 329 -101 118 -1223 899 434 28 -81 444 107 917 -77 469 -141 966 -821 85 162 ]
[-188 -505 219 455 468 493 -562 67 2 -479 874 253 114 610 -737 -566 -468 24 543 33 -189 867 -1459 -453 -539 794 640 -493 392 -679 -3 -450 -838 -492 4 -255 -307 -193 395 -61 25 -426 -192 107 408 429 -607 -544 -207 -404 1457 -169 -262 -142 -122 876 184 435 -345 20 174 -187 949 -474 18 337 554 357 -269 1241 174 410 -255 -74 -893 -378 -44 259 181 624 617 -27 -88 253 868 -237 59 -98 315 476 1027 -644 -293 -496 -1076 -699 -547 -562 -561 261 -505 713 495 629 646 480 -447 853 -198 -546 ]
[423 -429 620 -233 665 -279 -389 -446 -56 234 -262 73 -245 -592 -59 1010 754 135 292 398 -331 46 -209 -493 244 -83 286 704 -73 -215 -1059 553 808 -62 -898 659 503 486 56 158 -410 459 -228 33 185 255 249 -626 -447 153 -656 493 -1203 341 -37 466 -216 -658 552 -384 498 -60 -353 385 -264 496 143 182 411 356 -298 -662 -575 213 153 340 212 1429 525 314 -64 -103 41 51 -459 -125 427 247 -66 -68 -393 490 116 105 -199 -383 -1179 -614 -24 -607 370 238 -377 -567 -646 693 -162 1097 -179 -617 ]
[-274 -329 17 -235 101 -955 591 559 107 -710 345 931 771 640 88 -169 -265 250 209 110 231 -974 327 898 -543 437 758 -782 9 -374 -440 -395 271 -397 -115 58 -18 625 -11 -186 813 -53 296 1098 -190 -82 -364 660 193 153 -32 -1057 -494 582 -367 -1171 734 -218 148 386 265 -239 482 -76 358 -379 -99 -605 87 949 540 1439 -533 47 -167 902 -67 -34 -861 979 -577 -510 205 654 -270 368 310 575 594 -489 169 -45 -350 134 350 1096 282 -564 -197 280 1 -300 229 649 329 -428 758 333 359 425 ]
]
