[[198 -188 -317 -229 1097 -10 482 234 415 157 -599 -345 -131 200 157 818 -321 124 -78 -38 577 259 -201 545 -490 -94 -215 -728 47 299 -72 -275 -249 -168 -104 125 -250 -140 110 -75 -208 -45 -457 -347 335 -270 -437 -458 47 -84 469 -892 366 225 473 63 214 -58 -674 -311 48 122 -503 -185 488 247 201 -311 -717 470 -342 235 33 -458 301 -147 -184 -4 257 35 -113 -102 -368 344 -165 85 -230 159 53 245 177 -412 -202 60 418 347 257 623 -59 226 ]
[35 65 436 -434 207 430 -127 306 -36 1019 96 122 -280 247 -143 -498 254 245 -20 -148 209 357 514 315 -610 213 -381 -69 287 -89 38 702 -224 11 364 -9 495 -803 -75 -58 364 13 171 -156 -187 -569 -5 -491 -618 -283 9 111 326 2 547 -240 18 -256 -262 -72 -262 -226 248 1065 -700 705 209 -76 -220 258 153 65 -39 294 433 81 86 331 101 30 973 -165 -334 32 -772 -9 126 -592 244 -132 -33 349 93 45 135 -264 291 175 -111 521 ]
[-145 214 318 463 140 -185 -309 212 238 670 482 470 -266 -53 343 -502 -207 -859 -98 85 -493 55 -120 62 209 158 -331 -133 -347 -339 249 744 -107 767 -351 163 270 -482 129 -50 488 -161 -86 632 -522 -8 450 -174 793 -57 -91 -95 379 10 548 -153 -105 -40 189 -261 283 -169 35 241 -553 864 107 -488 -228 -392 -761 -55 534 513 533 118 -504 114 -637 205 306 -67 -584 -71 -238 -439 -204 -69 114 -245 463 41 168 -194 -14 -569 77 302 226 983 ]
[216 -114 164 159 -819 -569 -239 -214 -525 -388 18 405 133 -34 -765 -209 210 193 334 -108 189 180 195 -332 -217 220 76 261 192 -167 204 -228 135 -399 376 -348 798 45 -28 -175 -208 -70 -401 -103 714 154 189 96 -608 328 339 698 -424 212 -311 582 717 -226 560 -85 -506 749 -3 352 -765 -556 309 200 327 -198 -126 -641 -232 35 -396 670 -210 124 341 -25 -879 -282 582 -224 604 -94 504 -186 261 -220 275 -645 525 268 -137 290 596 -321 532 -45 ]
[-694 -48 -342 -123 -768 -82 -157 -59 -374 -92 -296 639 -103 6 63 -456 658 1013 50 -34 -177 -145 -215 30 186 859 167 435 184 -216 -189 96 -237 167 598 274 679 165 -41 -859 93 203 -526 -21 70 4 455 761 -402 431 299 624 476 467 -279 294 29 -771 324 -278 -129 -158 253 335 -931 156 -253 397 1077 -506 -247 -593 150 74 -214 177 -586 396 151 651 -210 -375 996 394 66 69 608 -340 594 -195 132 -423 -261 -33 -583 -314 449 -694 31 75 ]
[336 672 -62 931 87 9 -749 -21 -41 -94 -15 356 101 -703 -315 -741 131 -645 -75 -103 -467 -600 484 -124 98 -258 -97 -410 -374 -590 324 465 -56 -103 265 -504 925 -472 -92 -474 93 -618 -387 251 -138 -24 85 297 227 -67 111 568 450 -41 -340 718 -237 -220 260 -9 172 12 74 160 -1408 511 57 430 121 378 -589 -58 406 419 881 956 -823 582 -142 -728 33 286 -107 -510 -557 -377 403 -159 -31 206 -69 -236 414 -155 543 -166 -60 -506 476 703 ]
[756 -419 357 40 115 -192 -378 -105 143 -180 23 -521 -334 621 -575 21 -330 -566 240 220 157 314 -82 -476 -425 245 -207 19 308 -310 244 496 842 -189 -215 -157 -299 45 602 -43 -274 -110 183 243 403 -146 525 -758 594 18 135 16 -184 150 -157 81 238 -120 607 189 -527 715 646 -664 943 -211 571 -604 73 -31 -99 -134 410 73 -298 669 -609 74 -275 557 -27 -443 -216 103 994 -409 245 -265 316 -462 46 24 307 490 -40 7 -409 600 5 -187 ]
[128 -509 312 -633 304 -370 -52 830 339 551 10 235 1018 628 -445 340 -298 393 90 -225 186 573 582 370 -1021 187 -183 -462 -120 511 531 -349 -743 -14 -477 -513 699 -578 -1023 394 206 508 447 -691 500 -843 -517 -540 -983 -350 304 -42 -1003 283 528 -197 568 462 -593 227 -310 1148 -517 372 -428 368 424 -294 -765 37 302 -185 -278 -355 -815 -198 587 -488 433 -431 -291 -303 20 -211 114 562 -610 73 -23 301 -61 -145 39 517 201 369 669 393 -39 515 ]
[139 -603 -354 -104 291 218 -132 801 478 212 -196 -363 261 638 40 -173 -31 387 535 4 280 -58 -779 339 -781 393 -94 274 -290 805 -148 -38 137 179 -789 -364 258 -445 50 23 51 386 -441 -112 583 -238 252 -714 -195 340 495 -346 371 622 85 586 -315 -712 -207 -140 191 898 348 -76 -75 -163 19 -474 -48 -139 66 47 245 15 -557 -444 -193 -253 336 293 452 -370 377 660 -25 35 -631 -607 849 316 -7 -371 -303 280 8 -193 -277 298 -352 590 ]
[118 363 -791 -112 -422 -63 640 -479 -455 -382 280 -351 -422 -67 79 -225 -533 1088 460 438 347 381 -807 -8 -549 -324 198 552 232 490 -569 -646 163 142 -108 49 -308 420 -347 4 -481 -334 -136 188 395 503 -250 -2 -815 597 257 -733 -537 110 -53 -220 48 237 155 59 -96 344 -288 -6 631 -639 -946 -331 -1 -566 367 362 -151 -542 -524 -1170 717 -960 494 70 -800 95 404 387 57 359 -720 131 507 157 86 -661 -259 255 -375 323 -222 378 -210 -261 ]
[-74 -24 -53 -468 -748 -96 21 19 -491 161 399 197 -210 -380 -419 -286 49 1375 415 118 562 634 -728 258 -673 -147 -414 952 635 670 -440 163 269 110 33 94 423 49 231 -202 -25 11 -145 -112 80 627 131 -287 -714 458 579 -919 427 105 768 -98 458 -261 -39 -39 -371 347 -506 841 -117 109 156 400 -454 -152 -160 -3 267 -169 -286 -69 405 96 436 335 535 -75 381 125 -71 -171 327 223 893 -792 -80 -817 -667 30 -204 -314 118 505 -844 282 ]
[406 -10 206 129 728 62 231 -43 77 -95 -345 -189 155 159 8 326 -898 -621 -348 382 -578 266 -289 -442 -607 -182 -444 -576 134 -308 548 -238 -312 642 -200 -99 -363 -70 -418 -300 104 -61 -532 267 341 -236 147 235 11 336 316 -208 -667 -31 180 -178 485 308 653 -91 425 1042 330 -206 -28 621 256 -1359 -540 -35 -610 -497 420 -165 -162 226 -796 -728 64 831 -1102 -30 -326 -68 1058 -102 -463 -76 -443 661 420 -209 844 -102 72 370 348 1275 294 618 ]
[-168 -335 88 151 267 -449 475 274 350 -1074 -511 -205 21 -1000 321 1030 255 -48 -478 -209 48 -147 -202 987 -8 22 -266 -598 -275 439 -389 -343 -523 354 -229 -255 -464 816 113 -335 -87 567 20 -353 -162 -67 -139 231 155 402 480 -542 378 -340 235 -362 -185 -444 -947 -561 744 404 -902 -248 -50 643 378 194 -503 -59 -550 -65 53 250 62 631 122 130 -215 -166 -115 176 249 -145 -198 169 298 438 202 267 -179 -469 -566 -266 -22 -207 317 -120 -95 -742 ]
[144 226 433 329 24 -289 238 209 -393 -359 -111 34 -423 -618 -98 -21 80 -33 186 38 405 215 -566 691 93 4 1 -91 169 368 -96 51 52 -337 95 140 -224 807 303 -237 -592 -627 246 328 212 692 197 317 227 398 950 -1015 898 432 492 -259 280 -628 -521 140 -47 -708 -290 -7 305 250 -687 212 877 -78 -705 -18 -73 -109 282 305 292 36 -331 -18 293 -22 358 313 -842 122 710 503 503 -233 -312 -681 -724 -584 -336 -106 -584 22 -351 -27 ]
[711 -695 616 381 44 -133 -83 317 -263 -177 -266 -537 -249 58 -140 65 25 -186 411 -2 462 177 -141 122 -1308 290 -215 393 -120 -43 -482 -229 35 -66 -22 -60 269 -105 1125 323 434 -121 -211 215 410 -476 133 -172 96 554 -431 721 -248 -543 -225 124 -111 -110 75 -249 0 821 536 -314 -291 -703 838 -245 9 339 233 -672 381 348 -101 642 -678 -611 125 359 315 73 159 -329 336 -197 165 -346 -276 219 -8 -427 512 78 -308 -408 -218 143 419 -69 ]
[3 417 468 220 188 322 538 -292 152 686 409 -1 -131 543 -46 -375 -282 296 -354 664 -275 378 385 -689 -135 78 -426 181 -221 -628 -3 372 -21 462 605 361 -359 -284 390 284 762 192 -82 -38 -481 -467 -37 -236 89 29 -955 443 -590 -390 376 -411 72 583 493 519 -599 -655 208 -507 451 214 263 -251 -1020 543 64 394 -86 747 189 116 -291 -133 232 666 746 -36 -441 -503 334 -361 512 -391 -754 -169 -274 353 278 377 380 -935 -119 29 233 103 ]
[-254 379 166 243 -451 -966 -255 -272 -207 698 289 736 -16 227 -387 -46 143 340 141 169 162 513 225 -630 109 901 -88 801 -418 -352 -35 1088 -598 330 -319 -248 264 -151 629 -124 386 -417 -259 -53 -499 74 192 -306 644 -166 -758 337 -10 245 680 343 2 192 -47 115 -625 253 -485 -276 218 595 -57 253 -560 -339 -647 -193 535 533 463 392 -260 -113 -200 63 -9 -937 78 -573 277 -412 104 429 -123 -402 338 -51 -224 505 -349 -859 231 -669 39 -58 ]
[-259 -638 -317 323 -172 -407 451 -54 579 112 -320 819 -136 32 420 249 278 -167 176 95 324 -522 -615 82 835 -236 243 -646 -76 -172 704 -870 138 376 -39 797 19 -55 -179 135 244 322 -185 24 248 336 17 -44 347 12 618 -402 707 554 42 759 514 268 174 -819 -317 -564 -311 -316 -202 -822 -121 474 359 -553 -269 -118 -336 -902 270 -540 -45 671 -165 291 -968 -327 133 281 226 3 -356 95 -20 -278 1187 -971 164 -49 279 1053 951 205 1000 249 ]
[219 -130 -80 -56 1182 682 -100 525 -235 827 -635 245 178 -162 536 -74 -367 800 336 185 513 182 -221 502 -1210 210 -33 -473 284 56 503 78 -1156 352 -27 65 187 -921 -191 283 321 -284 718 -449 394 -465 -367 -108 -427 -99 103 -16 294 375 330 -12 -159 69 -697 106 107 -103 86 324 -484 392 -883 -11 329 -224 12 -514 581 -579 541 -214 424 -791 434 -196 227 228 -309 305 -1022 50 -1349 -420 -753 1244 112 391 516 -199 416 534 -105 585 -412 167 ]
[-417 408 -577 -428 -798 -48 209 190 119 897 618 302 370 595 -811 -711 -104 246 634 12 -19 -42 -294 -355 348 470 676 1180 24 344 -325 373 445 245 -492 -323 598 -35 139 290 -23 -443 -159 339 -254 112 496 4 371 40 -667 -200 168 887 646 1043 -322 -475 -16 176 -480 -148 -92 494 -129 212 219 108 454 -275 -441 -299 302 158 -519 -112 266 -81 -76 57 1044 -212 808 113 -92 42 438 255 312 -323 35 -448 -461 -92 -449 -686 -258 -687 -505 662 ]
[276 111 -415 -683 360 -226 398 -1085 -370 89 -400 -260 -1010 124 -40 697 -358 -177 -200 -136 421 -58 342 212 157 228 155 -852 827 -583 -703 604 -125 -374 33 -247 -23 -170 -597 -242 -748 -188 -440 1 133 -543 420 -857 -86 193 127 121 101 213 -538 383 31 -438 -247 -344 126 137 -204 533 648 685 23 -156 -34 15 -344 -260 81 448 122 829 -482 481 323 -115 -976 -179 -95 503 394 -103 -413 -409 -105 -2 576 462 522 419 326 438 705 -229 -300 -1333 ]
[-208 354 -527 215 610 -122 273 182 371 650 389 218 343 -740 975 -399 -721 1035 -164 126 -136 -386 -110 483 -169 -45 -535 -449 -271 560 -549 -137 96 785 -503 654 599 -673 -469 197 631 -154 -428 77 -592 -281 -103 -254 746 112 -315 -540 237 -648 139 116 -409 302 -650 -210 449 -362 -599 -195 -57 362 -201 753 -742 788 -529 -159 1115 137 206 -113 218 -310 152 93 954 808 -336 -113 -572 -795 -674 -20 -312 38 5 -55 -24 -179 980 -604 -273 516 -64 880 ]
[151 -655 1608 116 -451 -441 -690 -89 -829 832 343 953 -96 -300 132 -283 543 -782 -362 -151 -173 301 640 45 699 114 462 -155 -125 -491 656 73 -84 -278 79 379 535 -110 -39 796 258 -268 -92 739 187 683 663 -32 55 9 75 347 -503 21 359 -158 663 148 412 -85 -371 -510 371 550 -67 -676 -292 200 771 26 -189 -702 73 -244 -109 448 738 -336 -250 488 -836 -351 -366 -238 530 -525 -338 -725 -442 -389 1023 742 986 -351 28 719 326 304 1095 -190 ]
[-173 379 -266 -1 1069 -463 403 203 366 -412 -349 -526 874 -660 66 335 -259 908 -673 -206 72 -286 91 -377 231 143 179 -663 -232 503 -115 -62 -255 237 -186 -435 -1122 47 -446 -119 -284 407 -259 -535 -94 -471 -694 -61 -228 -147 -96 -719 -800 394 -734 166 -377 -45 -1046 169 744 546 -546 -721 903 479 -16 175 -395 396 -494 109 -99 -139 -208 -122 683 -241 560 -109 -320 -47 -343 -18 -356 71 100 -46 -112 926 -852 700 -442 161 781 -333 -145 -52 -287 -930 ]
[265 -315 439 383 -465 380 420 327 144 565 -87 -272 -497 378 -536 -235 298 -536 -72 -3 664 174 -340 -352 -883 -720 460 793 266 -176 -357 -640 379 332 180 1 -329 28 372 339 114 -473 187 631 134 58 67 152 -203 395 -933 -162 -59 -37 2 573 419 -26 353 -630 307 434 350 991 -820 -715 494 -421 689 -32 336 -383 -364 -465 312 -621 353 -397 44 633 -596 569 -254 466 -414 360 8 -217 -46 86 808 -385 268 -773 -339 502 393 856 809 424 ]
[-429 170 -1009 -14 332 543 497 -320 1150 -609 277 -758 -1030 260 -136 92 -92 -655 -806 -153 -551 -102 266 130 1197 77 224 -623 238 -353 -445 -434 415 141 526 140 -802 533 -140 -1376 -266 111 69 66 -711 -54 -41 805 974 81 -659 -529 629 -270 -567 -782 -662 -239 636 -491 616 -284 -208 55 250 499 404 -289 663 -83 -409 354 103 -61 457 -290 -100 760 -989 -303 -576 785 -414 649 -283 82 633 571 627 -286 124 276 -317 -218 -517 167 99 -136 367 -22 ]
[56 -308 1159 -503 214 -413 -1230 627 -517 894 162 212 509 500 433 571 51 -120 44 -424 -276 432 -824 173 -834 -282 289 365 -207 292 -22 443 -275 -314 -787 58 613 -715 -191 597 439 123 -809 182 371 214 -287 -287 -261 -54 266 -305 -559 690 525 -585 503 545 -594 57 -168 382 -335 0 71 413 684 -80 -509 -299 -105 187 397 -310 -810 -383 -414 -672 801 200 -112 -488 -342 -376 422 684 -444 663 139 -683 -57 146 -121 46 261 -549 127 235 -594 387 ]
[-76 -316 18 -337 120 -1008 752 -696 134 -381 498 -41 -249 -672 719 254 -193 391 287 -35 410 142 125 523 411 258 -316 -513 -499 645 -697 -114 564 226 -12 351 -1196 -174 525 506 -180 872 -222 -546 -57 663 -513 -1089 -390 -160 610 -888 -377 -409 137 -308 -55 358 -859 -52 723 330 -404 -554 1256 -840 204 101 -832 -117 326 812 -501 61 -20 -702 1080 309 24 -459 -98 -182 -575 53 -184 -467 -239 -915 490 70 -64 88 -564 465 323 465 -31 258 -4 -925 ]
[-153 -170 389 -977 632 862 -900 -78 257 -364 -469 -204 -233 71 880 273 -32 -309 -379 -92 -797 -804 95 933 7 360 -163 -178 75 43 -350 308 192 -357 -305 571 -63 165 -493 -383 -36 240 -394 -223 -99 -283 48 -261 159 -795 861 -40 890 112 105 -526 -466 -301 -499 -14 193 -457 230 235 -154 684 42 132 130 62 382 794 145 105 14 277 -416 1113 -44 -138 654 220 120 221 189 585 -75 -682 645 -790 -661 789 -32 161 257 481 -222 46 -652 49 ]
[-736 260 -864 -122 -363 -293 422 249 70 -88 428 247 820 -519 520 437 -573 84 98 -112 -336 28 273 -410 252 106 -180 -38 155 646 161 -458 75 647 -316 -183 376 991 -530 262 -627 297 1566 221 -289 135 589 363 1246 -6 -435 -77 -1024 -119 -25 -258 197 -300 301 586 383 -45 -538 133 357 358 -897 -282 57 -609 13 -302 624 156 -948 -510 706 -876 -993 517 89 665 198 396 -106 -32 -575 773 -557 -76 -334 333 -716 -625 -172 -695 -339 111 -704 502 ]
[-296 -295 314 -78 -646 -42 -536 95 112 -1160 641 -93 -33 -31 -123 487 -183 136 -58 -400 -165 346 47 413 52 174 -563 406 666 349 293 -216 396 273 -249 281 -112 63 158 99 487 576 199 -683 -144 622 -509 -51 -369 -5 -414 846 121 -1119 -80 -1323 597 360 311 -508 -68 544 -618 533 -309 -541 346 416 -552 -147 606 -137 -338 156 -297 34 497 320 15 -446 76 581 170 -390 161 -177 -617 363 34 -704 290 116 1042 -234 -248 264 397 -211 -50 -711 ]
[597 318 -72 470 -199 -34 -2 -147 -545 -1033 -472 8 57 -1090 -529 -4 91 409 1020 -10 351 292 -627 -539 -733 -289 -456 1142 357 334 551 -597 -317 310 -61 -354 6 355 213 276 -147 -311 303 -85 841 202 -553 -204 -219 275 307 138 -172 158 -323 946 278 256 484 653 -777 423 -122 -12 -602 -458 -700 84 -633 -510 -275 -149 -139 -104 -215 301 264 -689 142 -241 -47 130 686 -809 367 337 -255 -57 -323 207 -545 -803 662 157 327 421 381 -58 -129 228 ]
[489 -270 469 192 268 -469 132 -422 732 43 102 -27 -390 -974 -105 106 25 -1019 -206 22 -236 -406 584 -216 573 -10 -89 -588 -549 232 31 -549 359 23 -597 -89 -332 658 551 -181 223 410 -673 41 -168 63 110 -495 752 -150 119 -657 -358 -153 148 400 -365 -167 -129 -1360 624 598 -490 81 -3 -34 195 35 -336 -403 -265 -293 174 148 604 -159 281 301 -540 -131 -997 -786 -643 -460 526 -602 394 149 394 -5 404 -70 59 419 -445 202 764 119 1123 -105 ]
[313 -204 -244 -245 578 -221 420 384 237 344 799 -318 -309 561 291 154 -551 -1195 180 -68 866 327 -294 317 434 -414 -359 -807 551 653 119 378 207 -462 -797 -765 -388 -982 -375 19 -469 69 608 326 -180 -33 213 -956 88 -324 262 -757 560 97 373 -874 -306 -54 -292 -413 -386 -158 31 564 1027 312 691 -418 -368 -288 -227 153 -165 -37 -21 57 497 219 -195 -760 1000 -101 -1047 164 -615 59 -310 611 732 -275 522 334 53 173 -180 83 -226 -55 -581 -230 ]
[-779 553 -1122 207 -229 -410 -851 322 226 -760 702 -183 668 -224 138 -108 -533 -156 483 -152 -58 -464 -535 -1231 912 119 44 931 368 490 397 569 812 621 -978 -276 -388 244 116 -366 -655 33 -119 415 -640 -26 585 -60 1415 -413 -570 105 88 699 -691 915 -591 -627 257 287 113 670 325 -88 480 -213 83 -10 18 -236 -651 -43 860 -105 -797 283 -355 623 -630 631 506 76 316 399 240 -211 -538 236 603 -414 -212 485 -385 -232 206 -623 -614 -937 -840 224 ]
[488 560 488 280 1154 -635 -68 -356 -24 154 -243 571 79 -91 434 513 -385 -1374 145 393 -52 -372 -171 -561 -714 -314 -204 -448 -166 -297 302 356 -853 -288 24 10 -385 -708 -16 -563 -120 -544 -304 107 229 -503 -209 -40 668 -658 856 -329 391 891 -180 452 602 1017 -105 82 -168 467 74 -650 -359 483 351 -27 -193 -91 -330 153 302 -253 1087 453 -981 593 -41 -394 -682 -401 -511 -515 -342 777 414 460 -612 -213 90 -267 -51 242 201 189 -32 -190 456 936 ]
[128 431 -519 -146 -72 152 357 -443 -56 195 144 -766 -417 635 -251 382 -167 -386 -204 73 -266 113 -398 104 19 -68 36 178 -165 169 -839 532 1144 31 -1051 575 106 14 554 513 -65 -66 -1395 423 -113 163 446 -756 -97 513 -130 -290 403 -246 529 340 -172 -196 -252 -599 -502 272 -631 -527 1100 188 -129 -632 -1092 454 239 330 -132 181 -154 -431 -645 -379 335 653 365 -349 -131 3 605 -424 -266 327 49 -398 652 -766 267 211 156 -118 -90 203 67 -4 ]
[-715 118 -308 -144 699 323 -114 -66 -41 -77 399 483 -139 160 515 164 -70 178 -159 495 -498 1029 429 736 -238 56 -187 -396 -206 -224 395 -439 -1221 346 119 479 157 -312 -102 4 517 657 177 153 -161 -795 -518 598 -935 -434 262 143 -550 -529 763 -903 -38 923 44 82 -852 67 28 -416 -167 315 -318 -1073 -338 -134 88 143 144 -731 -181 -169 715 -709 138 92 -189 -141 -702 -132 452 726 -717 -275 -138 220 689 40 451 314 -300 691 214 279 683 139 ]
[185 578 296 316 -171 260 -1044 29 -631 -45 692 974 607 -584 -168 -472 -329 -223 8 -30 -942 -300 106 -261 343 -502 441 -246 -499 -388 617 378 6 -82 712 -96 373 -157 91 94 153 -286 -648 -70 717 925 94 836 91 145 723 -302 -265 710 388 152 668 -72 294 240 719 -608 -288 137 -1289 75 19 372 -65 -552 -880 325 128 331 -37 370 -561 324 53 -152 -509 -269 -141 107 -129 -622 424 -53 96 652 -306 -216 -315 -403 910 -261 97 2 -16 1029 ]
[470 51 -127 119 172 291 191 -548 -572 459 -532 -228 -193 375 -386 -379 87 437 18 525 344 581 340 -523 -828 -72 35 605 87 -30 -232 -260 -224 -1300 667 -407 285 -322 1029 -317 -325 -890 -387 -837 903 611 1 -185 497 -59 -402 479 -370 -51 239 163 548 -187 963 169 -314 472 118 447 272 -886 -639 197 119 579 469 -302 585 371 695 -447 254 -776 435 -428 -601 439 18 -20 -313 -737 189 -271 -255 -29 55 355 556 431 -575 -74 -89 404 522 269 ]
[-365 527 -431 536 -398 177 -384 -575 -350 -998 266 634 -338 -879 88 -1168 25 511 986 322 -536 512 -22 839 -50 21 -199 535 -706 -665 -411 4 177 608 446 605 499 -627 861 -416 319 326 -92 60 -318 -89 -204 463 -666 426 38 833 176 -772 140 471 -638 11 48 -225 -118 487 123 189 -1415 305 -174 206 -97 -345 -238 -288 432 262 464 383 -399 218 157 -656 561 639 4 -474 -579 -335 618 -494 855 -36 -64 -947 -9 22 -196 -190 630 -627 531 266 ]
[43 365 91 169 -645 87 -441 -435 -623 -691 256 -135 63 -801 -570 -189 435 361 -299 -413 -137 -457 -53 -235 45 -514 -93 33 12 518 -963 -371 587 -670 48 178 443 -702 -292 48 -29 -43 -109 -491 490 800 -77 -84 -249 685 -59 105 338 -854 -716 436 520 243 583 -170 223 776 -599 482 -689 -538 -116 1231 -422 893 877 363 -92 820 390 -102 517 452 840 -459 -37 593 -103 -362 -380 -654 362 198 391 -385 -289 -54 -65 -277 961 419 399 91 367 -392 ]
[-969 -409 43 257 -357 -206 461 1048 465 793 639 1279 501 886 -62 -427 820 98 -58 -44 52 333 -105 48 417 849 -119 -276 315 811 461 -279 -415 26 -241 372 910 -736 -1064 263 348 864 759 2 594 -657 570 -5 338 225 362 283 979 59 74 99 1154 -94 309 -198 -938 -292 309 209 -721 169 -126 -232 559 -488 -303 -1087 -460 595 -857 199 888 -254 -184 871 444 -71 365 545 146 -390 186 388 -138 367 702 -280 369 -199 -22 21 942 108 517 1396 ]
[-464 -230 197 858 -108 50 -1046 259 -215 59 566 711 262 -154 -40 -419 -278 238 28 284 -292 56 -318 -289 427 -73 96 848 -401 472 244 -416 -688 -327 -1047 80 -98 456 88 439 540 326 -421 48 -166 429 -366 386 84 -238 -778 285 109 16 246 -51 186 458 -44 819 42 -590 -336 -183 102 -91 -1191 225 84 -75 -410 23 100 88 -683 -594 487 -318 -173 -252 -298 285 -89 -179 -382 308 -988 111 -158 364 -338 191 73 -83 -364 -20 -445 -893 -496 -121 ]
[140 49 -411 -382 40 428 138 -495 -203 687 406 -305 -797 -330 -21 -580 -293 505 1061 74 953 304 -165 0 -306 -1005 229 -789 687 112 -51 112 829 -672 595 67 219 -7 680 1245 -308 325 546 -55 149 -546 -781 -532 -420 -518 77 -332 -279 2 -69 45 61 121 -587 -172 -88 -909 -116 553 495 -420 458 -189 117 -266 233 192 -475 -56 570 -441 459 48 309 -677 251 505 -861 -69 -606 -153 138 114 -392 509 -572 -101 185 681 417 -54 -641 332 -348 -660 ]
[-682 -381 1094 -224 -104 471 -253 147 -10 261 -84 305 -175 -178 -9 -104 262 -1072 22 -99 -403 -145 -107 385 287 316 -201 322 308 -186 56 252 -445 426 -393 -855 255 70 -273 201 -10 78 11 80 -573 542 291 -68 241 108 -209 42 617 16 291 340 60 -609 127 351 781 1055 737 1500 -876 721 343 -334 339 -255 -533 -29 61 1335 591 1102 266 424 -307 -339 156 445 857 -228 12 100 -153 -547 -377 -120 -39 355 367 -1009 6 297 172 -295 -632 -301 ]
[-717 -494 -587 -975 9 1381 108 258 6 1070 -412 -139 286 815 -93 664 -151 496 -341 -170 44 -365 -330 -366 -1074 -182 -21 750 440 520 82 139 -440 58 -225 71 712 95 -49 -57 106 -36 32 -146 -276 -495 -298 48 -846 -888 139 -378 203 291 1274 -56 63 186 -160 234 -365 788 -225 883 -8 730 254 -868 -909 -375 499 465 45 -666 59 -890 220 230 -48 536 195 -233 403 41 -103 879 -744 326 -283 -92 214 -42 18 -32 -49 -135 24 888 -427 860 ]
[455 -107 1689 -426 -512 -758 -213 144 -146 -95 -225 323 512 467 -461 369 95 344 436 -488 158 763 520 144 -766 205 -531 390 407 -206 725 1532 506 464 -262 -461 -533 339 -397 67 -240 -89 1585 -950 54 -107 -183 -1166 -399 -404 684 443 -548 116 239 -952 832 316 -322 768 -226 553 106 -95 968 721 35 353 -24 -213 161 -126 -738 549 -311 916 311 436 -33 24 405 -223 605 -454 13 -48 -247 -184 129 -695 -523 706 312 642 226 -614 -454 481 -556 -1101 ]
[30 65 234 -366 -147 219 -115 26 -166 317 -42 -267 -834 -183 -136 -544 -166 495 405 75 441 307 -136 141 -849 374 -426 403 1426 346 -430 -390 403 -91 64 66 369 822 -32 -623 -281 -636 922 231 -405 169 -135 -92 528 -309 -421 -426 278 -36 -98 -1455 337 -280 768 298 -490 -479 154 517 492 196 -147 472 1372 261 356 -306 924 367 361 -66 383 -43 -352 331 750 923 740 -155 -122 422 62 275 510 -780 -539 248 156 -224 -721 31 -664 229 -933 -318 ]
[2 891 -494 578 766 274 867 -158 624 1096 -160 -23 -557 -102 155 -734 618 -77 -320 179 -430 -438 5 -563 54 -226 462 -61 -586 191 87 241 -260 519 749 -372 -577 -624 -404 -1003 -149 -216 -480 185 -163 384 350 -157 110 121 -373 -316 739 935 253 652 -845 -293 183 503 424 -443 521 -291 291 768 -774 -107 -169 406 -389 263 505 -196 689 -646 550 -200 -219 452 588 355 -296 17 -1426 -409 -343 -1037 268 990 485 726 221 53 361 -199 -588 -244 430 809 ]
[252 92 775 456 -692 -484 107 190 -122 6 963 -31 64 750 -81 -122 56 -496 293 84 -28 54 -17 -476 -110 27 -980 741 -360 787 91 -744 306 -430 45 -400 287 323 -130 629 480 248 -140 196 481 716 416 160 244 344 -200 445 -354 -505 -75 -118 567 243 500 340 -120 -167 -11 -148 -130 -1062 -554 -519 59 -539 717 -71 -589 682 -331 -769 742 -1182 -420 -235 -100 -98 43 -144 358 338 13 552 -436 -774 217 -19 488 -164 -288 -88 -482 434 320 651 ]
[-32 61 -188 329 646 144 824 -373 18 -55 -12 455 264 268 436 -348 -347 778 -103 714 -778 -411 -1066 -99 106 -271 465 -169 -403 -472 611 -440 358 661 378 455 -889 110 -704 35 -111 812 -312 -809 297 557 -204 139 -1572 302 674 -567 -749 737 -19 -405 48 401 -431 20 193 250 -353 -841 634 344 -684 -599 -100 -1354 -341 -109 -741 -430 -476 -418 338 -485 606 326 -803 221 75 -136 284 -142 58 426 -227 480 -79 -342 637 251 276 522 466 708 -391 -412 ]
[126 -95 995 443 -77 -56 650 469 698 -878 -227 -785 665 -117 -157 251 -268 -489 -462 423 -415 -475 -3 58 199 220 213 -455 -167 -344 1141 -623 -508 711 514 52 -960 104 -262 526 468 543 1481 -507 -59 -525 272 734 611 503 -566 841 -785 -301 -633 -386 48 -103 234 303 418 608 796 -906 -129 -278 -44 -75 1068 433 589 -514 -62 460 -219 276 341 -481 -247 240 537 166 434 -444 -184 123 -47 57 -1251 315 -668 623 479 -745 -609 -546 -622 -385 558 -556 ]
[-147 -167 -460 670 479 72 -271 -197 320 -1334 -99 22 -69 -165 713 -387 -532 167 540 675 70 191 -683 -448 919 -410 -287 551 -263 -135 844 59 414 383 -170 529 -1341 189 997 186 -452 431 -719 80 -439 467 -308 -407 352 -234 -210 -121 561 -300 -450 75 -301 36 198 253 -48 -153 63 -816 749 -586 -405 -71 -722 338 -240 348 0 95 697 117 -859 312 237 237 -34 262 -544 237 325 -691 -155 -415 -129 -125 -189 15 204 -113 43 12 -64 28 -81 -297 ]
[-396 688 -134 -261 721 -2 -240 1173 887 65 230 -58 423 540 -931 -318 -309 -576 -277 -144 -231 1090 269 380 129 -198 423 70 230 -79 554 414 161 650 -274 266 -698 -125 170 626 -186 239 -356 41 -158 -255 -456 -425 143 -222 -129 -898 -219 855 253 -118 660 147 -231 -126 251 187 -479 -79 135 701 524 -1311 -1001 -60 -671 127 -45 432 -144 -429 123 -478 -172 187 -324 -45 -848 444 357 -413 -420 -256 97 557 71 179 62 -274 245 -12 136 565 -214 572 ]
[-75 342 -922 -124 277 -420 27 -702 109 -556 -267 42 -203 -739 -329 881 -832 -694 -253 -84 520 -574 46 -278 230 64 366 -701 197 -778 -91 1073 162 346 589 175 -542 -27 1033 -82 -701 -716 141 -198 -72 578 355 -543 1146 -631 227 -230 388 507 195 918 523 -433 300 -497 348 340 -824 -249 269 496 771 -48 -312 12 -1236 544 792 -8 963 811 -715 1322 -701 -327 -741 -381 -404 534 -26 -384 499 -429 78 -23 180 -174 -546 -96 719 47 319 -93 -147 -346 ]
[195 -244 235 346 264 -751 -420 -177 103 -292 42 268 182 -224 -205 242 3 -124 22 -262 268 545 -329 -233 -295 273 -111 -730 481 -352 401 519 737 95 457 667 -353 -475 626 141 -197 461 495 -441 726 -17 -135 -150 331 -223 816 177 -74 -3 -352 -313 677 586 -25 -71 78 1261 483 -772 346 -514 1153 -436 -15 18 -256 -568 162 -576 282 364 -593 501 -70 645 -410 167 -1088 -122 417 -1270 99 205 155 238 231 -115 671 216 101 813 -428 827 415 426 ]
[-393 96 -39 -153 790 490 -577 545 443 -584 -585 -140 434 835 -749 -64 213 974 -59 -388 -213 -76 -460 -48 849 898 674 480 -441 154 212 -453 -366 -289 -236 -782 -985 622 -331 89 598 -212 -1150 16 277 -69 -751 956 -365 59 -323 -358 209 944 -203 201 -512 -416 -136 304 -124 -333 467 -89 610 651 -80 -615 248 122 -662 646 -602 112 -273 -569 168 -760 497 -181 -56 -290 310 207 93 718 -13 214 592 546 -794 387 -123 -412 -394 -674 -291 -512 127 -178 ]
[512 -7 -36 -152 1135 580 94 -61 200 1022 -117 -305 252 175 507 121 195 229 -364 -168 196 37 153 307 -349 -221 193 -348 -467 279 -353 173 153 -175 -490 -276 552 -869 -337 773 167 198 -464 131 593 -951 193 -1096 177 457 -148 -362 -546 621 -363 392 -168 -86 -633 187 140 -127 -541 -19 646 -58 35 331 -1157 154 251 89 -70 322 -332 -469 121 -190 575 -172 716 -354 -860 263 -686 -265 -33 -410 9 -157 -281 592 -20 554 1289 -911 -262 -383 557 316 ]
[326 16 137 -61 -356 299 -23 -862 -692 63 101 -646 -371 -67 -343 -518 -2 -123 -449 324 -167 -235 108 -537 164 -475 350 83 129 -318 -522 -71 306 -287 324 675 -324 508 -186 -484 -381 -733 -82 133 -1156 -344 52 827 99 -169 -655 70 2 -886 -415 -521 -1062 510 -23 554 -56 264 643 -522 908 -555 260 134 563 1042 573 -308 774 -140 800 304 -326 -360 -172 170 -571 556 -435 -830 657 -743 281 450 -271 164 -227 434 233 -143 -391 770 -825 354 788 -541 ]
[-650 -112 292 -445 544 -743 546 38 -205 317 185 566 9 652 99 -483 -169 535 422 55 287 302 550 126 -27 1240 97 -774 569 228 735 26 -952 170 -187 161 751 81 -1132 196 -142 32 172 -203 80 -1679 -336 -236 264 -111 317 619 -121 535 -13 -75 692 -292 -911 -433 -477 -118 -450 188 -121 446 -395 -163 593 -1152 -579 -1159 -397 648 -329 630 456 -16 303 -171 -558 -758 604 375 213 94 298 74 76 229 30 121 629 769 -106 -226 1035 -614 649 -298 ]
[-35 946 178 600 -158 -488 681 -539 -49 133 194 4 -83 -405 -23 -352 -521 -328 -620 -283 -244 -392 -391 -12 467 -194 353 -772 172 -197 450 -232 209 162 624 140 437 -183 -1568 -396 -481 -208 581 622 345 -394 86 298 -71 278 -30 -15 -772 304 -1021 -432 455 182 172 318 360 -1067 -225 -87 -256 -117 -248 -109 682 -281 -593 -644 -600 -64 -110 195 726 110 331 -219 -387 460 6 -393 -312 -50 -128 -128 -200 194 331 272 1139 -154 970 125 45 44 955 -432 ]
[-467 -402 -270 -655 117 224 246 453 19 -185 83 -196 143 1143 -343 55 296 -26 368 -99 -14 400 -394 583 -514 -289 299 800 90 233 271 -180 336 -445 726 567 390 -232 261 722 -140 745 -445 -575 808 -688 -133 -121 -443 221 -126 813 -144 291 337 -6 852 -271 -141 -1071 -426 -79 -494 872 -828 -346 115 -756 -106 -702 537 -417 -957 259 -779 -626 -310 56 734 283 986 -17 156 470 -455 -11 746 -49 782 -411 -77 -469 306 349 -346 -262 775 -758 374 230 ]
[465 269 -115 462 994 244 315 -428 273 -7 -266 -606 -353 175 -139 -881 -472 13 -38 747 -350 -172 -250 -257 -327 101 -4 -363 -212 -702 255 301 -192 -307 11 -652 -559 -336 253 -298 -235 -237 -970 3 -127 -172 -67 -92 -1008 -50 231 -876 -401 293 609 -392 -272 -104 81 153 -64 584 701 -57 -191 48 440 -1327 -108 195 -839 478 -108 -256 538 507 -208 364 658 84 -22 -268 -275 412 -90 542 316 -919 773 958 36 -114 383 -139 164 531 241 378 32 -443 ]
[-368 -212 -253 356 104 -514 243 -54 -59 145 305 707 -682 -683 714 23 196 536 189 -308 11 225 114 208 473 208 -269 -11 -80 -250 -909 -691 -163 -34 911 493 -71 169 632 -580 264 408 -426 226 -811 594 -350 813 -678 749 -52 -442 -150 -641 180 -1267 52 383 369 -634 839 285 -3 771 -787 -130 522 -55 210 212 150 129 44 -497 329 -659 -399 633 271 601 -622 301 -625 463 -386 233 513 262 623 -163 419 -195 -627 -1258 -460 -10 633 71 93 -4 ]
[591 -608 502 188 -253 258 -302 499 381 -246 -369 -327 -221 -110 -113 -513 483 439 -41 -578 42 -284 758 -110 642 -555 -135 57 -225 69 536 64 635 -392 554 444 46 313 -251 -268 70 179 28 -292 445 46 56 322 239 -65 169 228 434 -439 -1176 249 -102 -222 -58 571 840 -1366 1071 -664 -164 -423 -126 760 1134 603 -184 -367 -765 21 -347 594 -303 618 -269 94 787 92 63 224 96 -908 331 -673 -176 348 -658 147 17 16 318 66 -1008 -206 -204 -11 ]
[-476 -97 542 1105 90 -318 355 351 271 266 -674 -454 -110 -304 675 62 671 -944 -825 543 550 -451 -530 542 -343 -384 -430 -684 -1170 -489 -184 -323 -91 439 -76 276 -435 -163 492 -130 228 398 -1267 235 -404 25 27 15 111 365 58 27 591 -251 67 837 190 -720 -691 -774 845 149 267 -658 -594 -610 618 -104 -216 606 81 440 -43 171 417 -220 -808 780 2 636 -592 -166 -294 180 -26 -95 -30 -928 470 225 408 -708 -539 -162 231 535 358 317 301 199 ]
[-502 435 -839 246 -183 335 593 -3 -78 -921 315 302 -150 -394 386 455 -57 245 -172 239 21 -37 -589 719 244 -36 611 797 -842 452 -599 -165 -134 676 -302 292 -157 705 477 69 -363 -9 -190 -321 47 806 -155 -140 -185 627 -386 -527 9 372 291 216 -248 -146 186 -464 -332 -598 -1236 -354 -47 -468 -678 304 -467 -546 -585 781 -212 261 121 91 1077 171 131 -208 -398 107 381 561 123 34 -319 81 218 270 401 -296 -404 140 -18 -351 -111 -346 56 -704 ]
[-191 68 -419 372 167 674 -238 177 -3 62 53 374 -214 -662 370 382 157 -206 127 198 917 -256 -6 863 -428 318 -16 534 -838 702 -612 208 -623 643 -1091 283 -271 -40 903 555 179 -397 286 63 -371 -707 27 -232 61 -479 -808 -380 607 -624 419 671 -573 -179 -1213 -891 407 -175 -368 65 -760 -21 -319 245 201 83 -65 -586 342 431 1203 612 459 258 -269 -373 1078 -200 -503 384 -879 -433 -183 -729 -194 724 -49 264 -288 -33 -195 32 -811 -434 99 -375 ]
[-851 239 -1552 -240 10 506 28 -783 506 -447 54 155 247 396 1041 498 -626 477 447 596 -865 -397 -250 -170 271 -72 -51 -479 -553 666 -353 -552 -366 165 -750 -554 -436 -94 -830 -543 -615 656 -81 -706 -644 35 -226 689 196 -49 -250 -120 25 -568 -426 -271 -396 -322 -421 197 651 842 -756 153 118 653 -1155 106 164 -880 68 -319 700 0 -3 -679 -54 -471 42 -482 -628 639 -286 346 -392 159 -934 795 150 341 16 130 -518 -452 62 185 138 -123 -782 -483 ]
[632 -454 437 266 -118 1 -214 -441 -324 -224 -42 331 244 253 285 587 -487 -453 -711 516 -823 293 -628 -352 -880 32 37 -575 -185 -878 90 481 38 371 129 -664 20 81 -71 -510 -184 555 390 -31 483 -310 825 123 -34 244 255 267 -1134 325 628 -468 147 -407 293 358 -322 1072 198 -35 403 670 640 -1017 -154 -1049 -555 -31 836 -434 -985 648 -836 -252 -228 1195 -445 -149 -353 -279 818 410 72 -38 47 -637 208 -251 60 218 33 -301 25 379 525 33 ]
[318 591 227 -143 435 -132 1245 -262 15 -125 271 -336 -558 87 482 458 -702 444 153 267 1082 896 130 792 -313 -65 -152 458 443 75 -1045 -194 58 -204 -456 -374 -919 1537 -126 823 -591 -660 435 -21 -380 362 -547 -1033 -220 140 -80 -669 -97 -783 316 -728 578 -117 -825 -424 431 -541 -811 509 1130 -108 -888 -142 -374 256 109 82 -974 133 -296 -11 616 -245 181 -545 162 365 165 436 -71 371 -88 609 -356 -346 -390 -107 -463 -297 -279 -60 83 57 -1229 -745 ]
[854 -75 -7 -532 362 -253 -465 -8 95 23 417 -591 -450 -513 -514 84 -95 301 -12 -487 29 -625 -46 12 -1169 221 615 255 -235 685 -1023 126 70 -275 -526 -506 281 536 -341 -390 -342 -320 298 -218 594 -345 -184 -303 696 -59 629 -868 185 781 -403 242 -724 227 -813 -87 443 1276 -353 -499 -14 612 43 449 147 -171 -103 483 768 -195 -351 69 435 12 215 -466 -240 -105 137 -308 -232 303 -522 553 1085 376 -286 -61 -427 598 118 43 -829 94 -132 -135 ]
[-133 150 -466 -52 -413 415 -446 145 471 787 -101 145 660 777 -53 -503 -10 -481 -349 -185 -621 -507 113 13 367 -107 537 -65 -715 108 813 189 354 -130 -472 -585 974 -193 -897 113 -67 -274 56 642 -173 -427 330 302 467 -412 199 7 -199 397 392 441 -61 -525 193 -49 -20 -530 31 99 -311 494 -297 -386 321 -431 -361 507 123 -376 -180 -442 -323 262 -8 -168 -113 -347 -277 511 -90 114 -195 -203 430 -604 -94 512 -150 381 -185 -1166 -681 340 904 834 ]
[-95 -117 -716 756 351 210 -589 -368 183 -343 24 478 -459 -171 135 -821 -262 391 -81 263 -1054 267 -20 366 1051 713 -344 -1029 -475 -753 190 103 271 525 -638 300 987 163 179 -248 426 293 -326 176 -22 4 387 129 663 904 -430 419 -65 -150 -677 -403 -396 -74 985 733 -582 -345 -202 -489 395 291 -724 252 -152 167 -481 150 506 477 -195 366 -1478 121 57 -63 218 81 -235 351 434 -998 -110 -570 380 -886 -276 -448 -15 341 393 -313 -196 -574 302 -283 ]
[383 85 720 562 241 -161 -761 516 368 205 154 969 332 402 -308 -1252 67 1411 62 86 -101 525 888 120 -691 707 366 443 -626 241 -240 -573 514 -1079 558 -181 532 -244 -186 -343 -80 152 232 -140 805 72 -130 -297 -523 63 -76 186 -563 300 304 -228 371 47 -178 742 -375 -617 -78 -357 -346 -117 -143 991 329 -111 179 -47 321 -288 -647 -259 909 -156 802 109 535 593 -18 341 -562 120 1013 -526 1134 -199 -332 253 -204 102 567 -551 -288 82 320 657 ]
[138 489 365 131 -618 -272 -326 -971 324 -623 188 -286 -564 -636 283 7 117 -224 -26 -254 -621 -966 -312 -313 674 -1310 113 193 -154 -272 -554 -424 263 -44 -196 719 -618 136 -387 224 516 -242 -445 255 -812 472 -795 341 300 76 2 -266 279 -783 -928 295 644 840 151 -62 814 -421 -38 -135 -657 -336 290 977 -2 282 408 395 34 332 257 -236 -583 842 -325 -677 -772 1043 -390 -339 -250 157 -366 533 -268 -505 -50 -448 -39 -506 273 462 688 287 -52 -274 ]
[189 -582 633 -167 669 916 84 244 -194 -1 -374 -797 -463 142 -539 108 48 107 -1007 -105 774 483 364 -80 69 -197 -107 223 366 114 87 -331 -574 -799 1036 674 -1013 503 713 9 89 -354 -29 134 -196 -92 -128 502 -707 -524 -315 -954 9 -631 -46 -544 251 255 261 -112 123 -414 620 -296 973 -336 166 -53 106 879 376 -194 75 -581 423 -244 654 -286 -311 810 72 -881 -451 88 496 72 856 -6 -205 597 -134 810 -448 -196 -639 -288 -868 921 311 -457 ]
[-174 651 381 -166 121 7 159 -787 -2 -139 17 -548 -910 -627 -337 95 182 -37 -126 -119 -81 951 -320 97 -469 650 -158 202 539 -58 -400 -182 364 172 952 -275 -323 339 277 -662 85 -316 -485 355 422 401 -353 286 131 302 -40 -42 -258 -407 -60 -376 -16 -275 765 -652 168 579 433 557 -141 544 644 -890 571 -61 -326 178 160 159 -74 -585 332 -669 200 293 -781 143 57 127 516 47 741 -358 373 -308 -511 86 437 219 -751 -233 329 515 408 178 ]
[71 520 -118 -176 311 -67 -469 263 -403 -171 183 -788 32 -987 -286 -413 3 345 -283 109 303 349 -68 135 -380 462 519 502 532 -212 -575 967 215 491 93 339 -739 295 827 254 -200 -1058 -133 404 -629 -124 -590 96 332 -337 -458 -572 387 -200 402 181 -468 -374 -1017 130 123 -306 54 492 -243 15 59 -97 -190 552 -681 88 690 -111 332 235 460 22 -761 315 1071 240 -609 -230 -929 -619 422 -467 211 146 -636 5 -398 -951 88 34 -689 -66 -887 -1 ]
[-782 -1235 -532 -260 -471 -332 -355 33 446 289 280 1343 37 129 -102 421 422 485 -208 -219 428 404 481 -158 63 168 73 -245 280 219 561 -908 -457 -34 700 98 498 -571 24 -167 530 856 514 -516 136 -9 -670 148 664 -193 -587 875 241 -816 -187 90 797 639 472 -672 -564 14 -379 26 -425 -395 471 427 646 -418 90 -705 632 -209 -170 208 246 130 53 23 -139 -313 -77 76 446 -497 23 -322 -57 96 806 -152 105 285 -553 434 1063 -157 1162 -12 ]
[281 -201 39 -2 -401 9 -251 -510 -256 -521 215 -473 721 -488 218 360 158 -744 152 404 -394 -492 -479 -911 52 -357 -124 308 27 841 231 193 848 -318 -798 -916 -1118 -62 281 427 -584 231 253 -661 611 1050 697 -175 633 -18 87 132 -521 -14 148 272 222 -257 376 785 405 904 748 -151 821 -155 -66 -411 -23 -494 615 -107 354 916 -589 509 519 -766 -213 204 473 7 182 -48 458 -726 73 171 -476 455 -578 988 253 -321 -83 -213 -689 153 -661 -858 ]
[168 -1263 655 -212 127 240 -230 124 -164 1085 -469 -58 -146 727 -25 91 -89 -632 -74 -256 -22 273 -1019 -758 -676 215 218 500 225 4 213 549 -40 -4 -184 -111 -48 -479 217 255 -131 -18 122 -306 787 -226 358 -874 701 45 -266 403 -200 1122 -755 364 187 -412 268 58 424 502 572 767 217 64 301 -257 498 -452 -365 -811 -29 613 33 -425 -419 -27 157 477 -388 -133 -477 278 203 -723 -439 -691 -211 -373 216 735 633 246 -151 51 -195 526 -317 35 ]
[4 -234 113 1239 -97 -48 -228 254 463 -363 526 -66 -334 -501 -450 329 -69 93 44 141 243 5 -1491 109 -103 -622 -511 567 301 12 750 158 632 414 -277 746 -768 -28 659 139 526 887 -319 -588 -263 79 -63 -574 -302 294 258 -100 46 114 -234 -643 -9 568 229 -718 5 153 -412 -572 429 -612 835 121 -647 -150 -292 21 -34 -18 -201 -361 160 431 115 350 -470 116 -458 -86 479 -904 -136 715 215 -531 73 -180 476 458 52 -639 -143 583 -147 -144 ]
[442 -891 584 479 -217 422 -1004 174 -629 21 -87 237 500 61 -602 -64 897 -490 -383 232 -544 330 -87 -221 292 -185 98 -391 22 -671 1607 962 -731 -691 -422 -659 721 -683 -64 -157 -20 271 939 -541 376 -21 318 -254 -807 -660 1484 -67 199 -111 492 -578 507 -280 351 424 -885 920 388 -354 245 258 314 -243 402 -393 -196 -448 237 -287 -158 1391 309 118 -439 -304 -93 36 -249 -843 740 -375 101 448 -521 -196 263 359 776 585 39 447 -190 546 -271 -1 ]
[150 -141 344 -833 571 -57 -386 -63 -881 419 949 -53 113 -852 -216 152 -390 919 -185 -371 297 735 926 -608 269 -658 -175 -439 548 93 168 -228 507 -630 431 734 85 -97 1083 510 234 199 -346 476 -710 682 -161 473 -192 -221 -67 -245 -242 -847 112 -873 -132 561 154 -250 -92 -163 -277 382 1030 -320 335 302 -836 1265 -12 231 -99 -1094 578 -494 153 -325 469 262 -197 -13 -1191 -231 214 -552 100 661 -396 -311 14 189 -190 -247 -360 -138 97 530 123 -64 ]
[415 -431 748 369 -538 172 206 604 514 -626 -235 -814 588 248 -414 548 433 -462 -297 -58 786 690 -477 184 295 -1402 -43 187 285 588 674 -463 922 -204 -93 -436 -588 417 -60 144 -866 256 -120 351 -164 57 74 -326 -332 380 29 -866 17 239 -690 326 585 -116 -38 709 -570 -226 494 -310 868 -891 1258 598 -273 1041 22 -138 -686 -69 -538 1037 -300 197 312 1 223 282 87 269 446 -7 849 -278 -127 -229 -174 -66 -584 -413 607 -438 -662 427 -144 -263 ]
[-94 -720 90 -123 -80 422 -460 865 269 467 -668 -84 180 523 -109 -769 6 743 606 -66 878 912 77 1147 -894 -278 272 583 440 -231 293 93 -121 -55 300 -213 311 -200 404 -302 -174 29 365 -42 387 -796 -110 -63 -476 -98 305 -131 349 1095 354 359 -303 -193 -335 666 138 -141 893 -392 -291 -16 -140 251 1272 144 108 -511 573 -354 -32 -152 -406 -26 -59 62 643 201 657 521 -993 586 -665 -813 517 -38 -103 -290 -533 -41 -376 153 -473 18 -805 61 ]
[73 325 363 -51 -620 -7 -66 -321 -116 -499 -17 -806 -954 -28 -627 92 590 -268 120 185 112 431 558 -107 311 572 160 345 -149 251 158 -239 158 -881 230 -105 14 1318 1072 -601 -366 -231 9 -86 257 145 285 -24 1070 -555 -226 701 -662 -244 -67 -292 -573 -726 387 118 -272 211 354 -243 516 -760 -397 -311 268 56 75 -82 243 626 8 274 768 -192 -689 -224 -413 -840 985 -380 581 -530 490 9 181 -525 -73 358 -137 580 -1216 -918 137 -885 863 -707 ]
[-484 -250 -66 177 530 -347 -211 520 285 -573 -312 -243 303 -365 602 -348 439 163 590 -133 223 801 7 1009 -151 -113 -248 795 -99 567 -702 -1035 -202 -354 -463 671 -826 222 598 -21 0 112 -585 -19 -24 62 -802 568 -374 -97 459 -981 747 -459 -494 -466 292 42 -320 -283 474 127 61 149 -161 -858 -31 310 1218 307 94 -495 -991 -458 -184 -672 289 96 -64 -267 -287 895 -65 908 -839 659 552 366 450 290 -297 -839 -964 -494 -1335 367 471 131 46 796 ]
[501 -353 1136 -1399 -55 729 -358 -1062 -697 447 -801 -107 -470 -88 190 174 1139 -28 360 -413 -694 305 932 56 -363 42 44 -495 342 -13 -131 682 441 -382 182 1017 -176 19 238 -50 187 -147 -428 273 -74 -181 514 462 -201 -467 559 -38 761 -192 369 363 533 49 -53 187 -355 -797 1023 -81 187 452 41 482 505 973 425 -607 563 -1153 259 60 -1 -83 -602 750 608 -358 120 -584 63 567 559 -70 -538 -39 -198 406 -449 -442 209 407 -224 261 244 429 ]
[515 68 826 -1203 -72 -749 227 -702 -1053 151 117 404 -400 -457 -520 272 -469 1288 -105 269 182 1021 -216 46 -883 211 -23 692 1274 -188 -1174 139 -180 -153 691 351 -655 -122 285 17 171 -465 -958 -237 380 3 -178 -199 -456 625 -86 -270 -542 -266 259 108 988 713 323 -76 -537 184 -278 765 461 -5 122 363 -1072 902 -256 -153 256 177 71 184 -152 -380 647 886 -489 -443 -9 -192 337 90 642 -278 111 -613 -135 -71 -148 664 -100 -532 589 480 13 -879 ]
[276 22 656 325 114 -761 -42 508 -128 181 -9 720 323 -611 110 7 -36 -243 40 159 -152 -132 -497 -249 -17 -375 -168 -658 12 52 621 24 -500 499 -949 -1006 350 425 -799 487 -208 523 242 763 83 68 324 -632 -17 442 1070 -498 -507 467 956 359 -27 -382 -224 72 397 610 -553 -69 -625 1009 397 -830 -600 -684 -994 109 -72 385 -675 290 -348 188 406 470 -713 -700 -63 -66 858 282 245 154 114 -181 -75 -273 113 448 137 -164 253 788 -525 -214 ]
[-147 297 -392 -286 -425 -43 578 -261 -194 147 -525 849 442 -489 154 -358 536 -611 -279 534 -179 37 327 -84 1112 23 238 -84 511 -796 673 712 -281 602 -251 203 -231 514 -82 72 -390 154 897 265 -614 11 558 114 185 -125 391 206 -212 829 -31 73 -80 -364 496 -486 -579 -789 328 -208 623 1051 -922 475 260 -549 199 -221 287 301 -32 -197 -57 430 -369 561 412 -764 909 -83 447 -195 118 -308 -169 108 77 259 -377 347 -846 36 -348 -676 -476 -862 ]
[659 154 281 -358 101 -24 286 2 493 -161 413 -100 552 -27 -634 338 75 321 -144 85 532 970 20 49 231 -308 75 560 174 -198 896 887 529 608 148 -592 -745 49 -203 194 19 -272 265 -386 2 116 -78 -758 376 15 58 -1021 -118 136 157 360 405 103 -616 -745 -844 -313 -320 96 1029 417 -314 454 -660 -194 -776 -151 52 -327 -156 137 924 -77 147 -106 335 -717 -245 62 126 -384 -328 590 513 -279 491 131 -52 -176 578 -120 190 33 -33 -410 ]
[-227 -67 -622 205 88 -353 -123 552 752 -435 324 34 523 -181 -71 -143 -122 854 312 -345 -178 -474 811 -49 -77 266 -140 -408 -605 424 600 -557 -269 -238 -30 -766 663 638 -225 -132 385 269 -957 -509 -591 -75 -711 221 -310 -734 -94 400 -488 -243 -49 -246 -277 83 -201 -452 -348 597 -812 21 -806 -222 245 614 -732 86 -598 349 35 19 -37 -45 264 408 -422 -366 -29 -441 380 -374 -158 624 -107 716 636 293 -180 -543 -113 593 204 -137 375 -1033 322 -38 ]
[-351 39 -14 -570 -856 -800 144 -341 -422 352 -33 -318 -524 -379 -417 -276 739 756 -43 -491 720 475 -32 -821 845 -318 -641 1107 902 -160 154 668 -263 251 146 444 -66 -584 -70 -432 358 313 -626 -441 -710 26 475 -546 -504 87 -200 -422 558 -309 -159 323 -10 -293 154 -249 302 69 342 964 2 -214 544 -13 -436 752 -225 -890 -313 -96 97 -180 -586 711 -130 1201 656 -314 153 -78 295 -460 79 430 508 -324 660 329 368 91 -741 86 1143 319 -827 158 ]
[-215 187 -732 -369 397 597 -695 258 442 -393 -982 -107 -186 32 459 297 172 659 -88 -270 -181 124 420 123 -123 -320 -118 -311 502 -773 130 -604 -220 -83 792 215 -156 -384 -63 -1241 245 -193 -821 344 -423 -247 -1154 733 -598 -569 173 123 238 -182 -169 -82 -669 532 33 208 608 -35 534 198 -598 618 445 -11 382 -238 337 123 148 -1163 -121 -518 -1309 512 388 76 -389 326 27 342 426 288 345 -22 120 -105 -41 -92 -260 -313 80 183 793 521 66 478 ]
[553 -55 -484 -158 633 1367 -194 -180 771 307 453 -217 -857 -12 109 -425 -904 -491 278 409 318 960 -30 855 328 -892 213 155 -559 -596 -81 496 486 -394 -364 -599 -121 -398 40 137 -508 -357 -112 31 -421 579 67 -252 678 -49 -339 -1117 495 -256 572 -11 -645 -190 -653 -78 121 -597 88 176 306 545 391 -197 -1043 -284 -755 387 928 160 631 452 299 -182 16 -1263 277 1112 -1081 61 -211 -662 -709 335 194 316 82 242 -35 -425 505 216 -602 190 -605 246 ]
[217 -273 178 835 115 53 -83 43 794 963 182 333 -195 235 -247 -45 671 -663 123 -130 -412 -52 41 9 129 -436 -587 630 -709 -447 504 802 -332 55 -315 -351 167 -520 54 -18 1013 430 162 -407 -527 261 -251 -803 210 -351 -283 -167 597 -337 529 -126 -60 1033 218 241 99 -100 109 -907 390 365 -26 -67 -1116 273 -460 1033 -262 444 849 -373 -155 528 -588 -499 706 -194 28 -346 -245 11 -266 -23 -348 71 275 -42 -127 95 361 -597 -242 -572 -41 623 ]
]
